0.000000000000000000e+00 -1.807457234936038016e-03 2.728307391548220884e-01
4.000000000000000083e-02 -1.730341316612742791e-03 2.859324825772732726e-01
8.000000000000000167e-02 -1.700165522486236144e-03 2.845803692355964309e-01
1.199999999999999956e-01 -1.693459790458123676e-03 2.858653801781825821e-01
1.600000000000000033e-01 -1.509052159685026579e-03 2.824834192640133801e-01
2.000000000000000111e-01 -1.820868698992263168e-03 2.847112189138232274e-01
2.399999999999999911e-01 -1.348114591010323229e-03 2.749645954459050690e-01
2.800000000000000266e-01 -1.519110757727195607e-03 2.847481252333231017e-01
3.200000000000000067e-01 -1.639813934233222631e-03 2.841978855607797394e-01
3.599999999999999867e-01 -1.284410136743253158e-03 2.832752275732831060e-01
4.000000000000000222e-01 -1.163706960237226133e-03 2.772393667750783774e-01
4.400000000000000022e-01 -1.341408858982210545e-03 2.768468177403979880e-01
4.799999999999999822e-01 -1.143589764152887862e-03 2.729481683532307135e-01
5.200000000000000178e-01 -1.304527332827591429e-03 2.833054236528739778e-01
5.600000000000000533e-01 -1.066473845829592855e-03 2.712773186158733418e-01
5.999999999999999778e-01 -1.240822878560520924e-03 2.784505650786647246e-01
6.400000000000000133e-01 -9.223006072251713249e-04 2.697507390365608271e-01
6.800000000000000488e-01 -1.063120979815536295e-03 2.818593669524702694e-01
7.199999999999999734e-01 -1.244175744574577483e-03 2.750249876050866460e-01
7.600000000000000089e-01 -6.339541300163288075e-04 2.731293448307755556e-01
8.000000000000000444e-01 -7.211286463817929504e-04 2.837281687671451280e-01
8.399999999999999689e-01 -7.211286463817929504e-04 2.811044649627003622e-01
8.800000000000000044e-01 -6.339541300163289159e-04 2.733071661883657577e-01
9.200000000000000400e-01 -4.864280253978511522e-04 2.739379287398179819e-01
9.599999999999999645e-01 -6.943057182693425367e-04 2.797657721008416365e-01
1.000000000000000000e+00 -5.266624175665269355e-04 2.710458153390105651e-01
1.040000000000000036e+00 -6.540713261006667533e-04 2.736292577040009277e-01
1.080000000000000071e+00 -5.233095515524704847e-04 2.744110006534071222e-01
1.120000000000000107e+00 -2.181987442733463367e-04 2.710021987796016329e-01
1.159999999999999920e+00 -2.819031985404162185e-04 2.705526127056942509e-01
1.199999999999999956e+00 -3.757834469339928836e-04 2.822955325465595355e-01
1.239999999999999991e+00 -2.886089305685289033e-04 2.826713059814672246e-01
1.280000000000000027e+00 -3.992535090323871176e-04 2.821579726284236811e-01
1.320000000000000062e+00 1.237935891603973877e-04 2.801616762554765550e-01
1.360000000000000098e+00 -1.075541658094880681e-04 2.766522207830350855e-01
1.400000000000000133e+00 -2.708538147213662009e-05 2.720322206056432490e-01
1.439999999999999947e+00 3.326620678087699050e-05 2.824532231844225638e-01
1.479999999999999982e+00 -6.731977364081233903e-05 2.730991487511847393e-01
1.520000000000000018e+00 9.026492901983427565e-05 2.812554453606543325e-01
1.560000000000000053e+00 5.596661709877176960e-04 2.814164911184719453e-01
1.600000000000000089e+00 1.052537475053995364e-03 2.746928307295879446e-01
1.640000000000000124e+00 2.024868619130325547e-03 2.803394976130668126e-01
1.679999999999999938e+00 3.979589505325154507e-03 2.699755320735145458e-01
1.719999999999999973e+00 8.103614702614414869e-03 2.818325259928339821e-01
1.760000000000000009e+00 1.471546648233346133e-02 2.724616759598234572e-01
1.800000000000000044e+00 2.604480074382973034e-02 2.835570576494639283e-01
1.840000000000000080e+00 4.263478178138038061e-02 2.777359245283492761e-01
1.880000000000000115e+00 6.307720586908166505e-02 2.877777985522664284e-01
1.919999999999999929e+00 8.781800418680321685e-02 2.860801078552727139e-01
1.959999999999999964e+00 1.146610494953380216e-01 2.910121341884361335e-01
2.000000000000000000e+00 1.438142194875576541e-01 2.940384523874248202e-01
2.040000000000000036e+00 1.751433995228998119e-01 2.938874719894708498e-01
2.080000000000000071e+00 2.066703986530712689e-01 3.008392805352630983e-01
2.120000000000000107e+00 2.397564804797789884e-01 3.042782784886594039e-01
2.160000000000000142e+00 2.730906743915268442e-01 3.066436380566051056e-01
2.200000000000000178e+00 3.079805981337967458e-01 3.088949235460967668e-01
2.240000000000000213e+00 3.423340633138176603e-01 3.110254247172251629e-01
2.280000000000000249e+00 3.780219691674331917e-01 3.119279519849945115e-01
2.319999999999999840e+00 4.134449986059380855e-01 3.139611546774414563e-01
2.359999999999999876e+00 4.496693630218024373e-01 3.130384966899449339e-01
2.399999999999999911e+00 4.853136816172350376e-01 3.186046406945150511e-01
2.439999999999999947e+00 5.218163339122661171e-01 3.170847713551115943e-01
2.479999999999999982e+00 5.578797607594558894e-01 3.224932247218187942e-01
2.520000000000000018e+00 5.947948155742157628e-01 3.240533555006765987e-01
2.560000000000000053e+00 6.318339264314958292e-01 3.244056430959025294e-01
2.600000000000000089e+00 6.690540920535347214e-01 3.281902184046157078e-01
2.640000000000000124e+00 7.063547264599113751e-01 3.273615037758461077e-01
2.680000000000000160e+00 7.434944232976132827e-01 3.310252947661960210e-01
2.720000000000000195e+00 7.802619520077547222e-01 3.304750550936525477e-01
2.760000000000000231e+00 8.182834526071531833e-01 3.306260354916066291e-01
2.800000000000000266e+00 8.551280972356182231e-01 3.343401532812746435e-01
2.839999999999999858e+00 8.933876513220144755e-01 3.359506108594503826e-01
2.879999999999999893e+00 9.311442755063029653e-01 3.369470814859467644e-01
2.919999999999999929e+00 9.690249557331110930e-01 3.390104802579845256e-01
2.959999999999999964e+00 1.006989457610270478e+00 3.374100880396723179e-01
3.000000000000000000e+00 1.044769551856657097e+00 3.399331382454809924e-01
3.040000000000000036e+00 1.082117126387230233e+00 3.405907417565695039e-01
3.080000000000000071e+00 1.120215742904951961e+00 3.406444236758420230e-01
3.120000000000000107e+00 1.158582588703798599e+00 3.406242929561148491e-01
3.160000000000000142e+00 1.196986316028799235e+00 3.434459488378770464e-01
3.200000000000000178e+00 1.235255928713238305e+00 3.430332690834694276e-01
3.240000000000000213e+00 1.273522188531662769e+00 3.435868638759673188e-01
3.280000000000000249e+00 1.312056677631212143e+00 3.433989771585135298e-01
3.320000000000000284e+00 1.350591166730761294e+00 3.451402844149161764e-01
3.359999999999999876e+00 1.388683077516454700e+00 3.455194129697783945e-01
3.399999999999999911e+00 1.427157215027751169e+00 3.466601537543195777e-01
3.439999999999999947e+00 1.465587765280864874e+00 3.477472126195881863e-01
3.479999999999999982e+00 1.503944552481668584e+00 3.470258618293636799e-01
3.520000000000000018e+00 1.542428748591006427e+00 3.515787596076648813e-01
3.560000000000000053e+00 1.581254937033779395e+00 3.523705679169345517e-01
3.600000000000000089e+00 1.620436529274041249e+00 3.487906549254480293e-01
3.640000000000000124e+00 1.658950901177506321e+00 3.503574959442148917e-01
3.680000000000000160e+00 1.696741054021934758e+00 3.507433347389861678e-01
3.720000000000000195e+00 1.735523655206524296e+00 3.517733565650278948e-01
3.760000000000000231e+00 1.774540957012097131e+00 3.548667771631072165e-01
3.800000000000000266e+00 1.813239736546335967e+00 3.547896094041528836e-01
3.839999999999999858e+00 1.852692910933736226e+00 3.508674741773039063e-01
3.879999999999999893e+00 1.891046345268525775e+00 3.533636834234764601e-01
3.919999999999999929e+00 1.930338582087251620e+00 3.542091736520186496e-01
3.959999999999999964e+00 1.969396118284993946e+00 3.542058185320641761e-01
4.000000000000000000e+00 2.007551733524954418e+00 3.557089122716949880e-01
