0.000000000000000000e+00 -1.623049604162940919e-03 -3.845872775782801893e-03
4.000000000000000083e-02 -1.857750225146882501e-03 3.615051220220445033e-02
8.000000000000000167e-02 -2.119273774243275472e-03 7.606637430128290744e-02
1.199999999999999956e-01 -1.844338761090657348e-03 1.158983584014980500e-01
1.600000000000000033e-01 -1.599579542064546740e-03 1.558175756205310569e-01
2.000000000000000111e-01 -1.592873810036434055e-03 1.960823701948809228e-01
2.399999999999999911e-01 -1.646519666261335099e-03 2.360082976538230015e-01
2.800000000000000266e-01 -1.512405025699082705e-03 2.758134407944018984e-01
3.200000000000000067e-01 -1.663283996331616594e-03 3.157527887331620375e-01
3.599999999999999867e-01 -1.482229231572575840e-03 3.562155353848295292e-01
4.000000000000000222e-01 -1.153648362195057106e-03 3.965507874782245312e-01
4.400000000000000022e-01 -1.304527332827591429e-03 4.364800700571210834e-01
4.799999999999999822e-01 -1.425230509333618887e-03 4.757181979253838344e-01
5.200000000000000178e-01 -1.160354094223169791e-03 5.158890491410068613e-01
5.600000000000000533e-01 -1.153648362195056889e-03 5.559894428375846687e-01
5.999999999999999778e-01 -9.625349993938473250e-04 5.960596404545714933e-01
6.400000000000000133e-01 -7.714216365926373272e-04 6.365022563865117000e-01
6.800000000000000488e-01 -7.915388326769751647e-04 6.762402971279998232e-01
7.199999999999999734e-01 -8.049502967332006426e-04 7.165151570622132482e-01
7.600000000000000089e-01 -6.741885221850045908e-04 7.564847010805646477e-01
8.000000000000000444e-01 -6.943057182693425367e-04 7.955349422313732211e-01
8.399999999999999689e-01 -5.702496757492589528e-04 8.360278849626314734e-01
8.800000000000000044e-01 -5.333681495946395118e-04 8.762289322578452611e-01
9.200000000000000400e-01 -4.964866234400200709e-04 9.158998706002426937e-01
9.599999999999999645e-01 -1.310242279078822751e-04 9.562653187732286231e-01
1.000000000000000000e+00 -3.959006430183307211e-04 9.964965621480330604e-01
1.040000000000000036e+00 -3.053732606388103983e-04 1.036486236886111412e+00
1.080000000000000071e+00 -2.316102083295715978e-04 1.076549724263189622e+00
1.120000000000000107e+00 7.014773293549637044e-05 1.116052906607860162e+00
1.159999999999999920e+00 3.661907279493327189e-05 1.155586285032121907e+00
1.199999999999999956e+00 -1.367391741591139287e-05 1.195938312725289832e+00
1.239999999999999991e+00 6.679486692144006872e-05 1.235823978744777341e+00
1.280000000000000027e+00 5.338340286521484150e-05 1.276058577239536307e+00
1.320000000000000062e+00 2.713196937788750159e-04 1.316514613651295074e+00
1.360000000000000098e+00 1.640279813290731711e-04 1.356229168553101605e+00
1.400000000000000133e+00 3.651999421724518437e-04 1.396322852009769910e+00
1.439999999999999947e+00 3.953757362989584914e-04 1.435923332833122457e+00
1.479999999999999982e+00 4.825502526644225802e-04 1.476134445488199720e+00
1.520000000000000018e+00 5.462547069314925433e-04 1.516077148546914666e+00
1.560000000000000053e+00 9.452457626041932751e-04 1.556264775362310226e+00
1.600000000000000089e+00 7.675438638592087552e-04 1.596509439216932558e+00
1.640000000000000124e+00 6.803693474937448291e-04 1.636546085634374759e+00
1.679999999999999938e+00 6.602521514094071000e-04 1.676304257095589945e+00
1.719999999999999973e+00 9.418928965901368243e-04 1.716699901348166302e+00
1.760000000000000009e+00 1.263768033939542982e-03 1.756203083692837730e+00
1.800000000000000044e+00 1.136359125405403056e-03 1.796353804188733250e+00
1.840000000000000080e+00 1.163182053517853361e-03 1.836044873250857634e+00
1.880000000000000115e+00 1.381118344431513881e-03 1.876302957585298525e+00
1.919999999999999929e+00 1.853872452413453387e-03 1.916349669362603647e+00
1.959999999999999964e+00 2.249510642072098318e-03 1.956020607705001524e+00
2.000000000000000000e+00 3.255370446288991491e-03 1.994943354297538329e+00
2.040000000000000036e+00 5.749902760746885937e-03 2.033188366659259394e+00
2.080000000000000071e+00 9.635874471038148592e-03 2.068688890898172428e+00
2.120000000000000107e+00 1.622425618865879979e-02 2.101894513088185423e+00
2.160000000000000142e+00 2.813028340457275622e-02 2.130681442298077766e+00
2.200000000000000178e+00 4.386528360853902964e-02 2.154891987889987703e+00
2.240000000000000213e+00 6.390871664056764490e-02 2.175042838336912698e+00
2.280000000000000249e+00 8.687920170286743404e-02 2.192435780181211324e+00
2.319999999999999840e+00 1.121095184586411719e-01 2.207396260058473558e+00
2.359999999999999876e+00 1.390900312737523015e-01 2.220427545961879190e+00
2.399999999999999911e+00 1.664393593504096547e-01 2.232700574755560829e+00
2.439999999999999947e+00 1.952874185353501157e-01 2.243832862764701286e+00
2.479999999999999982e+00 2.252519821029714542e-01 2.254341098462298465e+00
2.520000000000000018e+00 2.553808361052813947e-01 2.264386327606170202e+00
2.560000000000000053e+00 2.862171448365573023e-01 2.273606197241226479e+00
2.600000000000000089e+00 3.171573924142688794e-01 2.282158398005331268e+00
2.640000000000000124e+00 3.489291507634664780e-01 2.291093082444251916e+00
2.680000000000000160e+00 3.805030900178347775e-01 2.299360098012221965e+00
2.720000000000000195e+00 4.122782012330463708e-01 2.307499619021918580e+00
2.760000000000000231e+00 4.447641200432380093e-01 2.314954695560890396e+00
2.800000000000000266e+00 4.772969789776262961e-01 2.322631210016862013e+00
2.839999999999999858e+00 5.095951372910308974e-01 2.330092996795743776e+00
2.879999999999999893e+00 5.427046891798368300e-01 2.337423933896397799e+00
2.919999999999999929e+00 5.754051914149280744e-01 2.344087202126100333e+00
2.959999999999999964e+00 6.088433241731117107e-01 2.351173215470073963e+00
3.000000000000000000e+00 6.422143996110140085e-01 2.357839838819731249e+00
3.040000000000000036e+00 6.752468355814967849e-01 2.364446070010206125e+00
3.080000000000000071e+00 7.086179110193993047e-01 2.371199926478681608e+00
3.120000000000000107e+00 7.421130424998217956e-01 2.377507551993202739e+00
3.160000000000000142e+00 7.757557000848629425e-01 2.383912475986406321e+00
3.200000000000000178e+00 8.097034684771831081e-01 2.390411343338337158e+00
3.240000000000000213e+00 8.435707680851660673e-01 2.396376746617495890e+00
3.280000000000000249e+00 8.776995912422451696e-01 2.402697792611836469e+00
3.320000000000000284e+00 9.115568322521860889e-01 2.408357879975133731e+00
3.359999999999999876e+00 9.457124783373772603e-01 2.414470908532292182e+00
3.399999999999999911e+00 9.797407155140348545e-01 2.420335658212815932e+00
3.439999999999999947e+00 1.014147826550280573e+00 2.426183632293567261e+00
3.479999999999999982e+00 1.048092242076587022e+00 2.431910822055954657e+00
3.520000000000000018e+00 1.082837992580252484e+00 2.437342761262343949e+00
3.560000000000000053e+00 1.117164634832160885e+00 2.443271258222003084e+00
3.600000000000000089e+00 1.152145085956810533e+00 2.448599188709801755e+00
3.640000000000000124e+00 1.186458316744662733e+00 2.453836530958827922e+00
3.680000000000000160e+00 1.220523435447474769e+00 2.459281890645033997e+00
3.720000000000000195e+00 1.255584355356461623e+00 2.464438710015151468e+00
3.760000000000000231e+00 1.290179226889494712e+00 2.469843808261904528e+00
3.800000000000000266e+00 1.325246852530509889e+00 2.475087860750839752e+00
3.839999999999999858e+00 1.359892017053753399e+00 2.480362109319365072e+00
3.879999999999999893e+00 1.394815469456164081e+00 2.485488732609891560e+00
3.919999999999999929e+00 1.430402789329357827e+00 2.490705944139190109e+00
3.959999999999999964e+00 1.464923897810081366e+00 2.495309168716809189e+00
4.000000000000000000e+00 1.499703176973887775e+00 2.500674005524107457e+00
