0.000000000000000000e+00 -1.840985895076601223e-03 -4.332365169190078961e-03
4.000000000000000083e-02 -1.676695460387841964e-03 3.563717884916091372e-02
8.000000000000000167e-02 -1.810810100950094358e-03 7.609992550082825269e-02
1.199999999999999956e-01 -1.693459790458123242e-03 1.161567026379970724e-01
1.600000000000000033e-01 -1.696812656472180018e-03 1.552237193885787347e-01
2.000000000000000111e-01 -1.545933685839645695e-03 1.958307361982909445e-01
2.399999999999999911e-01 -1.217352816462126744e-03 2.357096919778695343e-01
2.800000000000000266e-01 -1.247528610588633825e-03 2.758906085533561203e-01
3.200000000000000067e-01 -1.307880198841647771e-03 3.159339652107068797e-01
3.599999999999999867e-01 -1.224058548490239212e-03 3.561886944251931864e-01
4.000000000000000222e-01 -1.019533721632804712e-03 3.962857330018164648e-01
4.400000000000000022e-01 -1.468817767516350688e-03 4.363458652589398135e-01
4.799999999999999822e-01 -1.207294218419958150e-03 4.756242545666569677e-01
5.200000000000000178e-01 -1.066473845829592855e-03 5.160232539391881312e-01
5.600000000000000533e-01 -7.077171823255674725e-04 5.558887892389485774e-01
5.999999999999999778e-01 -1.043003783731198675e-03 5.957845206182997844e-01
6.400000000000000133e-01 -6.641299241428357805e-04 6.360962868720132501e-01
6.800000000000000488e-01 -7.781273686207501204e-04 6.762973341672269267e-01
7.199999999999999734e-01 -7.680687705785812017e-04 7.162937191452140029e-01
7.600000000000000089e-01 -6.406598620444413838e-04 7.565685790794277610e-01
8.000000000000000444e-01 -4.864280253978512064e-04 7.955919792706002136e-01
8.399999999999999689e-01 -6.171897999460473124e-04 8.357594753662689335e-01
8.800000000000000044e-01 -4.227235711307812433e-04 8.761249235392547519e-01
9.200000000000000400e-01 -2.081401462311774180e-04 9.159803934791515001e-01
9.599999999999999645e-01 -4.998394894540765217e-04 9.558861902183662940e-01
1.000000000000000000e+00 -2.651388684701346692e-04 9.959295468757172198e-01
1.040000000000000036e+00 1.985474272465174295e-05 1.036201051689976005e+00
1.080000000000000071e+00 -1.702678342996768782e-05 1.075996129470691454e+00
1.120000000000000107e+00 2.411438996523682327e-04 1.115489246455498629e+00
1.159999999999999920e+00 -6.731977364081237968e-05 1.155690293750712305e+00
1.199999999999999956e+00 1.942037754555799272e-04 1.195448465211927713e+00
1.239999999999999991e+00 7.350059894955271282e-05 1.236223238019366732e+00
1.280000000000000027e+00 3.082012199334943484e-04 1.275910951961536810e+00
1.320000000000000062e+00 2.512024976945371243e-04 1.316239493815023254e+00
1.360000000000000098e+00 4.557273245519721122e-04 1.356688819986872074e+00
1.400000000000000133e+00 2.109681055258614765e-04 1.396413440248541971e+00
1.439999999999999947e+00 4.758445206363100038e-04 1.436037406911576664e+00
1.479999999999999982e+00 5.663719030158303807e-04 1.475399674218156765e+00
1.520000000000000018e+00 1.049184609039939022e-03 1.515711440471870119e+00
1.560000000000000053e+00 1.143064857433515524e-03 1.555516583612449377e+00
1.600000000000000089e+00 1.501821520937540689e-03 1.595301596033300795e+00
1.640000000000000124e+00 2.856379390616291085e-03 1.634200856786155676e+00
1.679999999999999938e+00 5.236914260596269889e-03 1.672523036906830907e+00
1.719999999999999973e+00 9.558758552714853585e-03 1.708302036101970511e+00
1.760000000000000009e+00 1.651595553188170071e-02 1.740732625582485982e+00
1.800000000000000044e+00 2.857286171842819689e-02 1.768912278080607692e+00
1.840000000000000080e+00 4.489461347485431547e-02 1.792562518640111069e+00
1.880000000000000115e+00 6.586343752676246388e-02 1.811549142462812956e+00
1.919999999999999929e+00 9.050029699804826300e-02 1.827432280327571990e+00
1.959999999999999964e+00 1.179099766629585766e-01 1.839990494317388814e+00
2.000000000000000000e+00 1.469457963446862414e-01 1.850686616732439616e+00
2.040000000000000036e+00 1.781073330793255527e-01 1.860117858924631662e+00
2.080000000000000071e+00 2.094834532388646364e-01 1.868059427857011512e+00
2.120000000000000107e+00 2.424521847550802633e-01 1.875115245121394159e+00
2.160000000000000142e+00 2.760277850198401550e-01 1.881489973035006535e+00
2.200000000000000178e+00 3.107400068633651702e-01 1.887317816396030468e+00
2.240000000000000213e+00 3.452175280859061668e-01 1.892749755602419093e+00
2.280000000000000249e+00 3.805232072139191346e-01 1.897453633778674043e+00
2.319999999999999840e+00 4.164458136885185180e-01 1.902308492352883684e+00
2.359999999999999876e+00 4.520666622218527109e-01 1.906442000136868042e+00
2.399999999999999911e+00 4.874930445263716550e-01 1.910253416405217619e+00
2.439999999999999947e+00 5.241264585959509725e-01 1.913876945956113351e+00
2.479999999999999982e+00 5.605955822308413827e-01 1.917513895986826977e+00
2.520000000000000018e+00 5.971284103199989701e-01 1.921030061699177338e+00
2.560000000000000053e+00 6.343150472818975816e-01 1.924096641337620373e+00
2.600000000000000089e+00 6.716693275444989286e-01 1.927253809214835911e+00
2.640000000000000124e+00 7.084033275944997543e-01 1.930112371416098815e+00
2.680000000000000160e+00 7.453753811314989264e-01 1.932544833383134542e+00
2.720000000000000195e+00 7.823977276587086305e-01 1.935487273583259560e+00
2.760000000000000231e+00 8.201375875129264248e-01 1.938043874988613524e+00
2.800000000000000266e+00 8.580685607299454176e-01 1.940647448073331560e+00
2.839999999999999858e+00 8.953423722082095582e-01 1.942831631163732586e+00
2.879999999999999893e+00 9.330621148663428288e-01 1.945535857847085826e+00
2.919999999999999929e+00 9.711070855278400860e-01 1.947491892780578659e+00
2.959999999999999964e+00 1.008743006535621989e+00 1.949716337310433589e+00
3.000000000000000000e+00 1.046720919876837907e+00 1.951907230640743895e+00
3.040000000000000036e+00 1.084729009012180168e+00 1.953568015018237292e+00
3.080000000000000071e+00 1.122465516000384023e+00 1.955899823386638037e+00
3.120000000000000107e+00 1.160718364354752286e+00 1.958057165517402831e+00
3.160000000000000142e+00 1.198424695548829577e+00 1.959828668853396350e+00
3.200000000000000178e+00 1.236898833060125824e+00 1.961687405308207843e+00
3.240000000000000213e+00 1.275319324715197045e+00 1.963304573126292585e+00
3.280000000000000249e+00 1.313521880079354887e+00 1.964992198463422435e+00
3.320000000000000284e+00 1.351878667280158819e+00 1.966787187639097656e+00
3.359999999999999876e+00 1.389786170435079127e+00 1.968417775937000513e+00
3.399999999999999911e+00 1.428377658256867688e+00 1.969917514556676963e+00
3.439999999999999947e+00 1.466704269663545723e+00 1.971511196535079558e+00
3.479999999999999982e+00 1.505446636455965770e+00 1.973259214031392039e+00
3.520000000000000018e+00 1.544028065679711847e+00 1.974675074652204598e+00
3.560000000000000053e+00 1.582666493625696891e+00 1.976211719591380644e+00
3.600000000000000089e+00 1.621459153408328246e+00 1.977634290452102483e+00
3.640000000000000124e+00 1.659926585187596837e+00 1.979107188112142701e+00
3.680000000000000160e+00 1.697458567348942848e+00 1.980264704496456973e+00
3.720000000000000195e+00 1.736469163422488027e+00 1.981536294959224564e+00
3.760000000000000231e+00 1.775543463950300493e+00 1.983143397417445719e+00
3.800000000000000266e+00 1.814570824353915812e+00 1.984267362602214257e+00
3.839999999999999858e+00 1.853655183479770097e+00 1.985924791859753791e+00
3.879999999999999893e+00 1.892263435631628132e+00 1.986944748325931709e+00
3.919999999999999929e+00 1.931126505600555321e+00 1.988568626383925508e+00
3.959999999999999964e+00 1.970381860893126280e+00 1.989880478286148113e+00
4.000000000000000000e+00 2.008628003515466887e+00 1.990470979398145879e+00
