0.000000000000000000e+00 -1.382427483982996566e-03 1.367163247533078989e-02
4.000000000000000083e-02 -1.255708334237520601e-03 8.427248077117682062e-03
8.000000000000000167e-02 -1.612522782205044573e-03 8.199522573236139866e-03
1.199999999999999956e-01 -1.269047192105465576e-03 1.630387138784388998e-02
1.600000000000000033e-01 -9.889311768786247792e-04 1.674592677773158178e-02
2.000000000000000111e-01 -1.379092769516010973e-03 5.915569725483049365e-03
2.399999999999999911e-01 -1.148997471293962316e-03 1.582162914433003775e-02
2.800000000000000266e-01 -1.275716621039438064e-03 5.667750794788431294e-03
3.200000000000000067e-01 -8.722161705341075454e-04 1.631056919678157760e-02
3.599999999999999867e-01 -1.005604749213555782e-03 1.240239768163809396e-02
4.000000000000000222e-01 -9.489146032747900698e-04 1.280761512236847782e-02
4.400000000000000022e-01 -1.135658613426017557e-03 1.508152125671503342e-02
4.799999999999999822e-01 -9.689228900767073160e-04 1.603261012586735049e-02
5.200000000000000178e-01 -9.889311768786245623e-04 8.417201363711143691e-03
5.600000000000000533e-01 -8.988938862699969541e-04 1.299850267709271034e-02
5.999999999999999778e-01 -9.522493177417764220e-04 5.044854563583042739e-03
6.400000000000000133e-01 -7.888483088594524248e-04 -5.980494664227657730e-04
6.800000000000000488e-01 -1.022278321548486784e-03 1.073464325615269485e-02
7.199999999999999734e-01 -7.621705931235627993e-04 1.317599461394155722e-02
7.600000000000000089e-01 -9.489146032747900698e-04 -5.880027530162279439e-04
8.000000000000000444e-01 -9.555840322087624491e-04 -1.066896092061230070e-03
8.399999999999999689e-01 -5.654224395713769056e-04 1.522887305334426691e-02
8.800000000000000044e-01 -7.755094509915074494e-04 1.354772300998348562e-02
9.200000000000000400e-01 -6.521250157130181616e-04 1.231867506991693971e-02
9.599999999999999645e-01 -4.086908596230253419e-04 1.152498471080039104e-02
1.000000000000000000e+00 -6.554597301800045139e-04 1.292482677877809447e-02
1.040000000000000036e+00 -2.219468494717978546e-04 1.186322406215385532e-02
1.080000000000000071e+00 -5.720918685053491765e-04 1.095232204662769521e-02
1.120000000000000107e+00 -4.920587212976804082e-04 1.198043571856347196e-02
1.159999999999999920e+00 -3.319924268823425464e-04 1.111641836560115990e-02
1.199999999999999956e+00 -1.719261324670048473e-04 8.443992599461913259e-03
1.239999999999999991e+00 -3.486659992172735489e-04 1.271049689277194139e-02
1.280000000000000027e+00 -2.252815639387840713e-04 1.510161468352811016e-02
1.320000000000000062e+00 -2.652981375426185368e-04 1.560729925832388294e-02
1.360000000000000098e+00 -2.086079916038530689e-04 1.259328523636232648e-02
1.400000000000000133e+00 -1.819302758679634162e-04 1.308892309775155742e-02
1.439999999999999947e+00 -3.820131438871357163e-04 1.592134056202633950e-03
1.479999999999999982e+00 -1.185707009952255826e-04 1.537287594550464792e-02
1.520000000000000018e+00 -1.852926698563949016e-05 5.992594528266510789e-03
1.560000000000000053e+00 -1.952691337359082832e-04 1.026914553498307556e-02
1.600000000000000089e+00 -1.986038482028944729e-04 1.886837649461097464e-03
1.640000000000000124e+00 2.515826048402428636e-04 1.036626376457961719e-02
1.679999999999999938e+00 3.816087895312596755e-05 1.519203510418695724e-02
1.719999999999999973e+00 -1.219054154622117858e-04 8.869303467005377334e-03
1.760000000000000009e+00 6.150388022202938991e-05 8.708556052500759925e-03
1.800000000000000044e+00 2.082313167694223440e-04 1.005146674450807867e-02
1.840000000000000080e+00 2.048966023024361273e-04 1.045333528076961525e-02
1.880000000000000115e+00 3.249463231139394152e-04 1.265021661233270422e-02
1.919999999999999929e+00 1.215287406277810068e-04 1.629047576996850433e-02
1.959999999999999964e+00 1.382023129627120363e-04 5.684495317132661624e-03
2.000000000000000000e+00 1.415370274296982530e-04 7.141268761080749733e-03
2.040000000000000036e+00 2.782603205761325434e-04 1.106618479856846630e-02
2.080000000000000071e+00 6.517483408785871386e-04 1.626033562974888921e-02
2.120000000000000107e+00 2.149007457033946420e-04 5.724682170758815976e-03
2.160000000000000142e+00 4.483307583924289199e-04 9.786903291469228536e-03
2.200000000000000178e+00 7.117732012843388774e-04 1.470979286067310848e-02
2.240000000000000213e+00 5.083556187981806045e-04 1.570441748792042458e-02
2.280000000000000249e+00 2.449131759062705927e-04 1.479351547239426447e-02
2.319999999999999840e+00 3.349504665148979841e-04 1.330325298375771223e-02
2.359999999999999876e+00 8.184840642278974881e-04 1.286454649833886250e-02
2.399999999999999911e+00 5.617110502699598556e-04 1.159531170464616311e-02
2.439999999999999947e+00 2.915991784440774104e-04 5.383093914936507018e-03
2.479999999999999982e+00 7.117732012843389858e-04 1.501454316733811210e-02
2.520000000000000018e+00 4.783431885953047351e-04 1.195029557834385511e-02
2.560000000000000053e+00 7.818022050910492394e-04 1.088534395725077215e-02
2.600000000000000089e+00 8.351576365628285989e-04 1.504803221202656929e-02
2.640000000000000124e+00 9.085213548365249879e-04 1.255979619167386235e-02
2.680000000000000160e+00 1.415397953818427982e-03 1.449881187913579575e-02
2.720000000000000195e+00 1.972295269805123766e-03 1.611968164205734508e-02
2.760000000000000231e+00 3.262829768528783658e-03 1.129985239501861720e-03
2.800000000000000266e+00 6.030642776127330060e-03 1.570776639238926839e-02
2.839999999999999858e+00 1.134951235097032309e-02 2.203719583850853939e-02
2.879999999999999893e+00 2.168045776969358338e-02 2.930096963143590319e-02
2.919999999999999929e+00 3.670001172899943487e-02 5.517795446221031991e-02
2.959999999999999964e+00 5.511763973016423762e-02 8.146685454265280291e-02
3.000000000000000000e+00 7.698002777572580946e-02 1.217541753028722890e-01
3.040000000000000036e+00 1.003563761892990319e-01 1.618070727502725348e-01
3.080000000000000071e+00 1.248231762335768325e-01 2.096059862341140556e-01
3.120000000000000107e+00 1.503137336192194307e-01 2.498095843826124152e-01
3.160000000000000142e+00 1.769947840695760555e-01 3.035427565852492626e-01
3.200000000000000178e+00 2.043060955541930457e-01 3.676139968832143334e-01
3.240000000000000213e+00 2.310771832951582783e-01 4.283028436676448170e-01
3.280000000000000249e+00 2.587419745132757409e-01 4.848256532928305607e-01
3.320000000000000284e+00 2.872304402047389238e-01 5.465426137491966596e-01
3.359999999999999876e+00 3.147485039863090472e-01 5.895827339828079161e-01
3.399999999999999911e+00 3.430002049506162276e-01 6.605594152955335252e-01
3.439999999999999947e+00 3.718821669491837456e-01 7.258161677754703112e-01
3.479999999999999982e+00 4.004940170759253570e-01 7.725936653963135781e-01
3.520000000000000018e+00 4.295393800833752218e-01 8.468187840438204939e-01
3.560000000000000053e+00 4.583179659334660205e-01 9.074774906880311853e-01
3.600000000000000089e+00 4.870098492074153573e-01 9.673927405401581137e-01
3.640000000000000124e+00 5.163686753747618319e-01 1.037334610372010468e+00
3.680000000000000160e+00 5.460576382743399515e-01 1.098592770916144712e+00
3.720000000000000195e+00 5.753097535787429218e-01 1.152771347413138248e+00
3.760000000000000231e+00 6.051387744859346718e-01 1.225780813738453823e+00
3.800000000000000266e+00 6.341307820619128677e-01 1.286436171478195556e+00
3.839999999999999858e+00 6.643266215604727298e-01 1.347536933512294199e+00
3.879999999999999893e+00 6.945658123471037948e-01 1.417505594579897554e+00
3.919999999999999929e+00 7.238612789395775238e-01 1.469892507186058239e+00
3.959999999999999964e+00 7.538937174292550392e-01 1.534087656949370437e+00
4.000000000000000000e+00 7.825555882730016455e-01 1.610831151757449176e+00
