0.000000000000000000e+00 -1.971747669624797274e-03 -3.976722454009587113e-03
4.000000000000000083e-02 -2.260094146833640117e-03 3.628807212034030477e-02
8.000000000000000167e-02 -2.018687793821585634e-03 7.656293205455380613e-02
1.199999999999999956e-01 -2.082392248088655706e-03 1.164150468744961225e-01
1.600000000000000033e-01 -1.807457234936038016e-03 1.557437629815313085e-01
2.000000000000000111e-01 -1.807457234936038016e-03 1.958911283574726048e-01
2.399999999999999911e-01 -1.747105646683024503e-03 2.363505198891853454e-01
2.800000000000000266e-01 -1.428583375347674796e-03 2.760046826318102720e-01
3.200000000000000067e-01 -1.700165522486236144e-03 3.160950109685244369e-01
3.599999999999999867e-01 -1.747105646683024503e-03 3.562188905047839471e-01
4.000000000000000222e-01 -1.462112035488238003e-03 3.967319639557692068e-01
4.400000000000000022e-01 -1.532522221783420326e-03 4.364632944573484385e-01
4.799999999999999822e-01 -1.535875087797476668e-03 4.757718798446564090e-01
5.200000000000000178e-01 -1.264292940658915320e-03 5.165399424121861482e-01
5.600000000000000533e-01 -1.291115868771366276e-03 5.563551509126286598e-01
5.999999999999999778e-01 -1.358173189052492473e-03 5.964756753289336411e-01
6.400000000000000133e-01 -8.585961529581017954e-04 6.363646964683757901e-01
6.800000000000000488e-01 -8.451846889018764259e-04 6.765221272041804790e-01
7.199999999999999734e-01 -9.457706693235656131e-04 7.166426516204854602e-01
7.600000000000000089e-01 -8.787133490424391992e-04 7.566625224381546833e-01
8.000000000000000444e-01 -8.820662150564958668e-04 7.961824803825985342e-01
8.399999999999999689e-01 -7.781273686207501204e-04 8.357930265658144453e-01
8.800000000000000044e-01 -2.416688063717404894e-04 8.763832677757538159e-01
9.200000000000000400e-01 -7.613630385504684085e-04 9.163226157145140105e-01
9.599999999999999645e-01 -5.803082737914278715e-04 9.562653187732288451e-01
1.000000000000000000e+00 -4.864280253978511522e-04 9.961409194328525452e-01
1.040000000000000036e+00 -4.294293031588939280e-04 1.036603666084519926e+00
1.080000000000000071e+00 -3.389019207793734969e-04 1.076455780904462589e+00
1.120000000000000107e+00 -3.925477770042744871e-04 1.115620096133725703e+00
1.159999999999999920e+00 -5.266624175665269355e-04 1.155700359110576114e+00
1.199999999999999956e+00 -2.181987442733463367e-04 1.196263759360879142e+00
1.239999999999999991e+00 -8.073123769703757302e-05 1.236240013619139377e+00
1.280000000000000027e+00 3.326620678087700405e-05 1.276521583793262193e+00
1.320000000000000062e+00 3.326620678087699727e-05 1.316564940450612564e+00
1.360000000000000098e+00 3.484356121021702944e-04 1.356705595586644719e+00
1.400000000000000133e+00 2.076152395118051612e-04 1.396963679921085610e+00
1.439999999999999947e+00 3.819642722427333929e-04 1.436094443950803434e+00
1.479999999999999982e+00 7.206037396624205039e-04 1.475976754850336858e+00
1.520000000000000018e+00 1.394529808487739034e-03 1.515298760717463278e+00
1.560000000000000053e+00 2.380272416620294370e-03 1.554362422348090300e+00
1.600000000000000089e+00 4.975390711499878653e-03 1.592057195037267503e+00
1.640000000000000124e+00 9.769989111600402287e-03 1.627561074396134844e+00
1.679999999999999938e+00 1.812197835261467396e-02 1.659582339242197113e+00
1.719999999999999973e+00 3.102715964071741522e-02 1.686681643114960050e+00
1.760000000000000009e+00 4.843859285171183554e-02 1.708650968577242191e+00
1.800000000000000044e+00 7.048033402811802739e-02 1.726946437689309777e+00
1.840000000000000080e+00 9.645498703901224380e-02 1.741427135413074367e+00
1.880000000000000115e+00 1.244882997825370596e-01 1.753371362451211279e+00
1.919999999999999929e+00 1.546138009188330331e-01 1.762819380243176859e+00
1.959999999999999964e+00 1.857887491175285455e-01 1.771760774922006787e+00
2.000000000000000000e+00 2.184791927545776391e-01 1.779225916820842635e+00
2.040000000000000036e+00 2.517027420878615862e-01 1.785882474810636111e+00
2.080000000000000071e+00 2.855029843755632624e-01 1.791988793127885948e+00
2.120000000000000107e+00 3.195010457580942931e-01 1.797866963288227149e+00
2.160000000000000142e+00 3.546659045135167609e-01 1.802835895940890554e+00
2.200000000000000178e+00 3.897134129584474693e-01 1.807932323151826504e+00
2.240000000000000213e+00 4.250425621485587335e-01 1.812488576050081956e+00
2.280000000000000249e+00 4.614714513912805405e-01 1.817081735267837672e+00
2.319999999999999840e+00 4.972733546893738366e-01 1.821111234333231188e+00
2.359999999999999876e+00 5.333032528764229951e-01 1.824956201801126499e+00
2.399999999999999911e+00 5.692962695373176008e-01 1.828603217191703711e+00
2.439999999999999947e+00 6.061409141657823074e-01 1.832287138901780743e+00
2.479999999999999982e+00 6.425630976764759028e-01 1.835555025737495960e+00
2.520000000000000018e+00 6.792836862624206384e-01 1.838772585773893020e+00
2.560000000000000053e+00 7.163395614497711783e-01 1.841845875652245113e+00
2.600000000000000089e+00 7.531506774180952712e-01 1.845244612166187181e+00
2.640000000000000124e+00 7.904345474944014516e-01 1.847885091570404592e+00
2.680000000000000160e+00 8.276815360445530789e-01 1.850874503449893238e+00
2.720000000000000195e+00 8.644088303625256930e-01 1.853340516616475142e+00
2.760000000000000231e+00 9.017429934290428495e-01 1.856286311936555133e+00
2.800000000000000266e+00 9.390536864334615430e-01 1.859168359977499074e+00
2.839999999999999858e+00 9.763878494999785884e-01 1.861731671622761874e+00
2.879999999999999893e+00 1.014161238014336774e+00 1.864050059511344504e+00
2.919999999999999929e+00 1.051840746280301886e+00 1.866331541080426648e+00
2.959999999999999964e+00 1.089781778095363141e+00 1.869008926804144100e+00
3.000000000000000000e+00 1.127642341126087189e+00 1.871364221012226325e+00
3.040000000000000036e+00 1.164570807404903041e+00 1.873467881223718434e+00
3.080000000000000071e+00 1.202397841775486365e+00 1.875772848632482059e+00
3.120000000000000107e+00 1.239959999730959161e+00 1.877913415163474653e+00
3.160000000000000142e+00 1.278393902850086583e+00 1.880127794333466218e+00
3.200000000000000178e+00 1.316059999651995271e+00 1.882254940384640252e+00
3.240000000000000213e+00 1.354356435264546965e+00 1.884076770519951705e+00
3.280000000000000249e+00 1.392760162589547379e+00 1.886032805453444094e+00
3.320000000000000284e+00 1.431006305211887764e+00 1.888341127982162915e+00
3.359999999999999876e+00 1.468414231330714248e+00 1.890008622599565813e+00
3.399999999999999911e+00 1.506358616011788998e+00 1.892031759932149226e+00
3.439999999999999947e+00 1.544450526797482848e+00 1.893977729505778473e+00
3.479999999999999982e+00 1.583296832436339674e+00 1.895682130442680968e+00
3.520000000000000018e+00 1.620993105032374482e+00 1.897829407213582176e+00
3.560000000000000053e+00 1.659695237432626369e+00 1.899537163270439200e+00
3.600000000000000089e+00 1.697471978812999494e+00 1.901093938929342642e+00
3.640000000000000124e+00 1.736435634762347746e+00 1.903429102417697472e+00
3.680000000000000160e+00 1.774323020721183974e+00 1.905026139516055483e+00
3.720000000000000195e+00 1.812401520042821179e+00 1.906633241974276416e+00
3.760000000000000231e+00 1.850912539080271646e+00 1.908471847709360514e+00
3.800000000000000266e+00 1.889286090611146385e+00 1.909951455609309789e+00
3.839999999999999858e+00 1.927726699462301685e+00 1.911947751982256749e+00
3.879999999999999893e+00 1.966321540150103964e+00 1.913199211725297388e+00
3.919999999999999929e+00 2.004651504422795938e+00 1.914927098501882030e+00
3.959999999999999964e+00 2.043584984578018293e+00 1.916913329514965403e+00
4.000000000000000000e+00 2.081428783278671535e+00 1.918225181417187564e+00
