0.000000000000000000e+00 -1.891278885287445708e-03 -4.339075409099145582e-03
4.000000000000000083e-02 -2.035452123891866912e-03 3.596598060470513475e-02
8.000000000000000167e-02 -1.750458512697080629e-03 7.617709325978251622e-02
1.199999999999999956e-01 -1.646519666261335099e-03 1.160728246391337787e-01
1.600000000000000033e-01 -1.415171911291449643e-03 1.558209307404855859e-01
2.000000000000000111e-01 -1.596226676050490397e-03 1.961494725939715578e-01
2.399999999999999911e-01 -1.612991006120772109e-03 2.361626331717315286e-01
2.800000000000000266e-01 -1.509052159685026146e-03 2.760281684714919748e-01
3.200000000000000067e-01 -1.244175744574577266e-03 3.160413290492519178e-01
3.599999999999999867e-01 -1.264292940658915537e-03 3.561350125059206118e-01
4.000000000000000222e-01 -1.321291662897872707e-03 3.964467787596338555e-01
4.400000000000000022e-01 -1.136884032124775394e-03 4.365572378160754163e-01
4.799999999999999822e-01 -1.203941352405901591e-03 4.753860410498851885e-01
5.200000000000000178e-01 -1.063120979815536512e-03 5.158756286611886344e-01
5.600000000000000533e-01 -9.591821333797909827e-04 5.560330593969936563e-01
5.999999999999999778e-01 -1.106708237998268530e-03 5.962710130117071516e-01
6.400000000000000133e-01 -9.088891431689460638e-04 6.358748489550140048e-01
6.800000000000000488e-01 -6.540713261006664281e-04 6.764751555248170733e-01
7.199999999999999734e-01 -5.568382116930336917e-04 7.168271832179851089e-01
7.600000000000000089e-01 -8.720076170143268397e-04 7.566021302789730507e-01
8.000000000000000444e-01 -7.948916986910316155e-04 7.961053126236439237e-01
8.399999999999999689e-01 -7.043643163115113470e-04 8.359876235231772368e-01
8.800000000000000044e-01 -5.836611398054842139e-04 8.760712416199822883e-01
9.200000000000000400e-01 -5.702496757492589528e-04 9.161313738771056370e-01
9.599999999999999645e-01 -3.925477770042744871e-04 9.560707218158658316e-01
1.000000000000000000e+00 -3.757834469339930462e-04 9.962449281514433874e-01
1.040000000000000036e+00 6.443278668426475069e-06 1.036227892649612459e+00
1.080000000000000071e+00 -1.343770939219385632e-04 1.076324931226235737e+00
1.120000000000000107e+00 -5.390830958458708470e-05 1.115291294378181197e+00
1.159999999999999920e+00 -1.209656298657132886e-04 1.155539313352758723e+00
1.199999999999999956e+00 -1.367391741591134544e-05 1.195790687447290335e+00
1.239999999999999991e+00 1.237935891603973606e-04 1.236293695538412063e+00
1.280000000000000027e+00 2.780254258069875923e-04 1.275874045642036991e+00
1.320000000000000062e+00 9.361779503389059092e-05 1.316252914294841148e+00
1.360000000000000098e+00 2.545553637085934667e-04 1.356708950706599914e+00
1.400000000000000133e+00 2.176738375539740799e-04 1.396534224566905680e+00
1.439999999999999947e+00 5.596661709877178044e-04 1.435852875314077126e+00
1.479999999999999982e+00 5.026674487487604176e-04 1.476110959648517795e+00
1.520000000000000018e+00 5.630190370017741468e-04 1.515557104953962009e+00
1.560000000000000053e+00 5.294903768612109398e-04 1.556201028083173954e+00
1.600000000000000089e+00 4.859031186784788683e-04 1.596056498023070924e+00
1.640000000000000124e+00 8.044253900138283045e-04 1.636049527881103360e+00
1.679999999999999938e+00 7.373680697327022159e-04 1.676106305018272291e+00
1.719999999999999973e+00 7.440738017608149006e-04 1.716300642073576688e+00
1.760000000000000009e+00 9.955387528150379771e-04 1.755810534658157174e+00
1.800000000000000044e+00 1.079360403166445886e-03 1.795652584118235584e+00
1.840000000000000080e+00 1.183299249602191416e-03 1.836028097651085655e+00
1.880000000000000115e+00 1.163182053517853361e-03 1.876541171102070082e+00
1.919999999999999929e+00 1.143064857433515524e-03 1.916789190076647831e+00
1.959999999999999964e+00 1.401235540515851502e-03 1.956879518413361607e+00
2.000000000000000000e+00 1.290590962051993505e-03 1.996959781390212685e+00
2.040000000000000036e+00 1.354295416319063142e-03 2.037194379884971429e+00
2.080000000000000071e+00 1.619171831429511805e-03 2.076385536073871219e+00
2.120000000000000107e+00 1.521938717021878744e-03 2.116901964644811063e+00
2.160000000000000142e+00 1.676170553668468758e-03 2.156908414982661615e+00
2.200000000000000178e+00 1.474998592825090384e-03 2.197079266198284753e+00
2.240000000000000213e+00 1.850519586399397261e-03 2.237531947490088324e+00
2.280000000000000249e+00 1.917576906680523675e-03 2.277622275826802767e+00
2.319999999999999840e+00 2.051691547242775852e-03 2.317481100886654044e+00
2.359999999999999876e+00 2.021515753116269205e-03 2.357470775624732173e+00
2.399999999999999911e+00 1.904165442624298089e-03 2.397212171486175158e+00
2.439999999999999947e+00 2.242804910043985633e-03 2.437715179577296887e+00
2.479999999999999982e+00 2.363508086550013092e-03 2.477359276960058310e+00
2.520000000000000018e+00 2.484211263056040116e-03 2.517563679375226293e+00
2.560000000000000053e+00 2.350096622493787289e-03 2.557506382433941017e+00
2.600000000000000089e+00 2.819497864461670885e-03 2.597925512526199743e+00
2.640000000000000124e+00 3.345897828668511868e-03 2.637848084865186848e+00
2.680000000000000160e+00 3.966178041268929137e-03 2.677260678971085106e+00
2.720000000000000195e+00 5.025683701710723789e-03 2.715727129249804861e+00
2.760000000000000231e+00 6.517709077965780536e-03 2.754139897609253484e+00
2.800000000000000266e+00 9.776694843628514972e-03 2.775555628279037901e+00
2.839999999999999858e+00 1.535251102500415771e-02 2.775555628279037901e+00
2.879999999999999893e+00 2.586039311305664279e-02 2.775555628279037901e+00
2.919999999999999929e+00 4.194073851647071166e-02 2.775555628279037901e+00
2.959999999999999964e+00 6.346949119272628226e-02 2.775555628279037901e+00
3.000000000000000000e+00 8.928320663494582199e-02 2.775555628279037901e+00
3.040000000000000036e+00 1.172628735222457363e-01 2.775555628279037901e+00
3.080000000000000071e+00 1.477571899200878502e-01 2.775555628279037901e+00
3.120000000000000107e+00 1.791333100796268230e-01 2.775555628279037901e+00
3.160000000000000142e+00 2.119947498833927024e-01 2.775555628279037901e+00
3.200000000000000178e+00 2.453557667232530159e-01 2.775555628279037901e+00
3.240000000000000213e+00 2.791493032789265638e-01 2.775555628279037901e+00
3.280000000000000249e+00 3.135497085831443487e-01 2.775555628279037901e+00
3.320000000000000284e+00 3.483323406129644195e-01 2.775555628279037901e+00
3.359999999999999876e+00 3.830814439826440432e-01 2.775555628279037901e+00
3.399999999999999911e+00 4.184608861629662835e-01 2.775555628279037901e+00
3.439999999999999947e+00 4.543566697094531537e-01 2.775555628279037901e+00
3.479999999999999982e+00 4.897696405499158967e-01 2.775555628279037901e+00
3.520000000000000018e+00 5.259068304494148860e-01 2.775555628279037901e+00
3.560000000000000053e+00 5.619065528423373701e-01 2.775555628279037901e+00
3.600000000000000089e+00 5.982717376307921109e-01 2.775555628279037901e+00
3.640000000000000124e+00 6.351297937233131297e-01 2.775555628279037901e+00
3.680000000000000160e+00 6.709283441553923755e-01 2.775555628279037901e+00
3.720000000000000195e+00 7.070588283228631532e-01 2.775555628279037901e+00
3.760000000000000231e+00 7.440945863141291694e-01 2.775555628279037901e+00
3.800000000000000266e+00 7.810163468609173654e-01 2.775555628279037901e+00
3.839999999999999858e+00 8.171937711525851800e-01 2.775555628279037901e+00
3.879999999999999893e+00 8.543636437844130960e-01 2.775555628279037901e+00
3.919999999999999929e+00 8.914932820240726308e-01 2.775555628279037901e+00
3.959999999999999964e+00 9.291593788259813191e-01 2.775555628279037901e+00
4.000000000000000000e+00 9.655145050163940201e-01 2.775555628279037901e+00
