0.000000000000000000e+00 -1.770575708781418683e-03 2.838489530855082821e-01
4.000000000000000083e-02 -1.656578264303504126e-03 2.730823731514120944e-01
8.000000000000000167e-02 -1.629755336191053604e-03 2.748907828069053205e-01
1.199999999999999956e-01 -1.405113313249280833e-03 2.820137024703787687e-01
1.600000000000000033e-01 -1.183824156321563754e-03 2.758167959143564274e-01
2.000000000000000111e-01 -1.421877643319562328e-03 2.762093449490368169e-01
2.399999999999999911e-01 -1.569403747938039875e-03 2.855869052219562887e-01
2.800000000000000266e-01 -1.431936241361731138e-03 2.748706520871781467e-01
3.200000000000000067e-01 -1.482229231572575840e-03 2.865733104885889726e-01
3.599999999999999867e-01 -1.639813934233222631e-03 2.857412407398648990e-01
4.000000000000000222e-01 -1.509052159685026579e-03 2.856338769013198609e-01
4.400000000000000022e-01 -1.455406303460125318e-03 2.804133102520665610e-01
4.799999999999999822e-01 -1.361526055066548816e-03 2.808897372856102304e-01
5.200000000000000178e-01 -1.126825434082606584e-03 2.834798898905096509e-01
5.600000000000000533e-01 -8.083031627472569850e-04 2.864122647307714153e-01
5.999999999999999778e-01 -8.753604830283831821e-04 2.839127003646444436e-01
6.400000000000000133e-01 -9.960636595344103152e-04 2.849930489900040498e-01
6.800000000000000488e-01 -9.491235353376220639e-04 2.823290837461048808e-01
7.199999999999999734e-01 -8.619490189721582462e-04 2.845770141156419575e-01
7.600000000000000089e-01 -1.103355371984212187e-03 2.856238115414561629e-01
8.000000000000000444e-01 -6.507184600866105194e-04 2.807823734470651922e-01
8.399999999999999689e-01 -6.071312019038783937e-04 2.858989313777279273e-01
8.800000000000000044e-01 -6.741885221850043739e-04 2.759140943930378786e-01
9.200000000000000400e-01 -8.753604830283835073e-04 2.826511752617400508e-01
9.599999999999999645e-01 -7.378929764520743371e-04 2.820472536699241140e-01
1.000000000000000000e+00 -6.607770581287793297e-04 2.763838111866724900e-01
1.040000000000000036e+00 -6.171897999460473124e-04 2.808897372856102304e-01
1.080000000000000071e+00 -3.389019207793734969e-04 2.843287352390065359e-01
1.120000000000000107e+00 -5.300152835805831695e-04 2.830537896562839717e-01
1.159999999999999920e+00 -2.785503325263598761e-04 2.735856411445919956e-01
1.199999999999999956e+00 4.332480482304592277e-05 2.763368395073089734e-01
1.239999999999999991e+00 -4.361350351870065586e-04 2.852446829865939448e-01
1.280000000000000027e+00 -3.791363129480491718e-04 2.738372751411820571e-01
1.320000000000000062e+00 -4.394879012010628467e-04 2.836040293288273340e-01
1.360000000000000098e+00 -7.402550566892495602e-05 2.787357502748000759e-01
1.400000000000000133e+00 -9.078983573920654596e-05 2.858351840985918213e-01
1.439999999999999947e+00 -5.726117559864342030e-05 2.821244214288783358e-01
1.479999999999999982e+00 -1.410828259500511938e-04 2.763200639075363285e-01
1.520000000000000018e+00 9.361779503389057737e-05 2.813862950388811290e-01
1.560000000000000053e+00 1.841451774134109814e-04 2.829095194982390593e-01
1.600000000000000089e+00 1.573222493009604863e-04 2.750149222452230591e-01
1.640000000000000124e+00 1.640279813290730626e-04 2.825672972628767154e-01
1.679999999999999938e+00 6.344200090738375344e-05 2.825840728626493603e-01
1.719999999999999973e+00 2.377910336383119716e-04 2.724985822793233314e-01
1.760000000000000009e+00 6.669578834375194595e-04 2.763569702270361472e-01
1.800000000000000044e+00 4.959617167206479497e-04 2.801046392162495624e-01
1.840000000000000080e+00 5.931948311282809029e-04 2.850567962691401558e-01
1.880000000000000115e+00 1.065948939110220517e-03 2.823592798256956971e-01
1.919999999999999929e+00 1.143064857433515741e-03 2.849393670707315307e-01
1.959999999999999964e+00 1.568878841218667320e-03 2.730756629115029810e-01
2.000000000000000000e+00 2.849673658588177533e-03 2.850031143498676367e-01
2.040000000000000036e+00 4.901627659190640855e-03 2.847481252333231572e-01
2.080000000000000071e+00 9.059181516620462907e-03 2.729783644328215297e-01
2.120000000000000107e+00 1.596273263956240682e-02 2.860633322555000690e-01
2.160000000000000142e+00 2.790564138163097521e-02 2.884924391025818768e-01
2.200000000000000178e+00 4.379152055622978490e-02 2.926393673663845729e-01
2.240000000000000213e+00 6.416688732364998760e-02 2.948906528558762341e-01
2.280000000000000249e+00 8.752965770959436620e-02 2.947262519781041479e-01
2.319999999999999840e+00 1.128505018477476002e-01 3.015237250059877860e-01
2.359999999999999876e+00 1.393817306169752301e-01 3.067140955756502696e-01
2.399999999999999911e+00 1.669892293767148705e-01 3.100725706501377132e-01
2.439999999999999947e+00 1.961457522349485671e-01 3.147227669071204770e-01
2.479999999999999982e+00 2.254799769919272334e-01 3.223388892039102394e-01
2.520000000000000018e+00 2.558636488113054108e-01 3.263381921897134941e-01
2.560000000000000053e+00 2.871928288466477075e-01 3.270092161806200659e-01
2.600000000000000089e+00 3.180123732478532528e-01 3.328773209810981792e-01
2.640000000000000124e+00 3.500892424043300366e-01 3.332497392960513949e-01
2.680000000000000160e+00 3.811770160866601032e-01 3.362458614154493208e-01
2.720000000000000195e+00 4.130895948084480351e-01 3.389769290584391803e-01
2.760000000000000231e+00 4.451396410368123058e-01 3.434291732381043460e-01
2.800000000000000266e+00 4.781452540791826800e-01 3.464588465570476172e-01
2.839999999999999858e+00 5.104333537945447974e-01 3.453315262523246054e-01
2.879999999999999893e+00 5.438010763664333780e-01 3.455831602489146670e-01
2.919999999999999929e+00 5.763942868890745697e-01 3.493375394780368071e-01
2.959999999999999964e+00 6.099128884315956345e-01 3.488946636440384275e-01
3.000000000000000000e+00 6.431364377648796093e-01 3.503843369038512345e-01
3.040000000000000036e+00 6.756994724933944596e-01 3.517498707253460810e-01
3.080000000000000071e+00 7.092650141601120062e-01 3.520451212813449637e-01
3.120000000000000107e+00 7.430049048595610550e-01 3.529140973495689115e-01
3.160000000000000142e+00 7.768990273956560833e-01 3.533938795030671653e-01
3.200000000000000178e+00 8.102499856374744125e-01 3.579199363217321350e-01
3.240000000000000213e+00 8.444391603828066417e-01 3.569335310550995066e-01
3.280000000000000249e+00 8.793123197950061254e-01 3.566080844195098076e-01
3.320000000000000284e+00 9.128711557296959045e-01 3.589398927879102197e-01
3.359999999999999876e+00 9.456789496772366466e-01 3.621574528243071689e-01
3.399999999999999911e+00 9.803978772527898178e-01 3.630197186526222808e-01
3.439999999999999947e+00 1.014680932246515788e+00 3.612314397168561175e-01
3.479999999999999982e+00 1.048689052227088858e+00 3.637712655224376590e-01
3.520000000000000018e+00 1.083287276626135665e+00 3.669116577998802753e-01
3.560000000000000053e+00 1.117922382551337801e+00 3.653246860613863500e-01
3.600000000000000089e+00 1.153006772522422674e+00 3.662506991688374569e-01
3.640000000000000124e+00 1.187594938323427884e+00 3.682235097021028247e-01
3.680000000000000160e+00 1.221375063415045314e+00 3.674618974724239706e-01
3.720000000000000195e+00 1.256281751487385634e+00 3.666533135633814333e-01
3.760000000000000231e+00 1.290869917288390178e+00 3.692904378476442595e-01
3.800000000000000266e+00 1.325997894517658482e+00 3.707801111074569000e-01
3.839999999999999858e+00 1.360985051374336008e+00 3.730246863570393923e-01
3.879999999999999893e+00 1.395465925462890500e+00 3.734474314713105980e-01
3.919999999999999929e+00 1.430761545992861761e+00 3.741553617817171551e-01
3.959999999999999964e+00 1.465299418803655440e+00 3.752625513667129931e-01
4.000000000000000000e+00 1.500102168029560090e+00 3.755443814428937599e-01
