0.000000000000000000e+00 -1.750458512697080412e-03 2.677410221837955850e-01
4.000000000000000083e-02 -1.720282718570573981e-03 2.792289529081164456e-01
8.000000000000000167e-02 -1.555992283881814939e-03 2.783197154004379281e-01
1.199999999999999956e-01 -1.555992283881814722e-03 2.669861201940256779e-01
1.600000000000000033e-01 -1.780634306823587493e-03 2.797791925806598079e-01
2.000000000000000111e-01 -1.301174466813535087e-03 2.826947918211489275e-01
2.399999999999999911e-01 -1.116766836040437557e-03 2.810642035232459035e-01
2.800000000000000266e-01 -1.297821600799478744e-03 2.717604558893261246e-01
3.200000000000000067e-01 -1.478876365558519281e-03 2.803093015334760518e-01
3.599999999999999867e-01 -1.224058548490239645e-03 2.764710443054902989e-01
4.000000000000000222e-01 -1.110061104012324872e-03 2.694320026408802415e-01
4.400000000000000022e-01 -1.140236898138831953e-03 2.817989747932886924e-01
4.799999999999999822e-01 -1.341408858982210978e-03 2.665902160393908149e-01
5.200000000000000178e-01 -8.015974307191444086e-04 2.802522644942489483e-01
5.600000000000000533e-01 -7.513044405082997066e-04 2.816446392753801931e-01
5.999999999999999778e-01 -8.988305451267772535e-04 2.721697805237791035e-01
6.400000000000000133e-01 -7.915388326769755983e-04 2.737970137017275984e-01
6.800000000000000488e-01 -9.692407314219597930e-04 2.816412841554256641e-01
7.199999999999999734e-01 -9.323592052673405689e-04 2.636377104794018766e-01
7.600000000000000089e-01 -9.357120712813964776e-04 2.765113057449447576e-01
8.000000000000000444e-01 -6.775413881990608247e-04 2.791115237097077095e-01
8.399999999999999689e-01 -7.848331006488625883e-04 2.663922639620733834e-01
8.800000000000000044e-01 -5.132509535103015660e-04 2.770447698177155305e-01
9.200000000000000400e-01 -5.702496757492589528e-04 2.786350966761640957e-01
9.599999999999999645e-01 -3.657248488918240191e-04 2.635001505612659667e-01
1.000000000000000000e+00 -3.791363129480492260e-04 2.667277759575266138e-01
1.040000000000000036e+00 -2.617860024560784353e-04 2.711934406170100065e-01
1.080000000000000071e+00 -4.227235711307811891e-04 2.651676451786687538e-01
1.120000000000000107e+00 -3.154318586809793171e-04 2.813091272799267961e-01
1.159999999999999920e+00 -3.523133848355987580e-04 2.708780593412838944e-01
1.199999999999999956e+00 1.103821251041721402e-04 2.717537456494170112e-01
1.239999999999999991e+00 -3.020203946247540560e-04 2.798731359393867857e-01
1.280000000000000027e+00 -1.813172181187269229e-04 2.684590178540656735e-01
1.320000000000000062e+00 -1.477885579781637159e-04 2.811111752026093646e-01
1.360000000000000098e+00 -1.544942900062764007e-04 2.785445084373917024e-01
1.400000000000000133e+00 1.975566414696362154e-04 2.817452928740161178e-01
1.439999999999999947e+00 1.985474272465173617e-05 2.728307391548220884e-01
1.479999999999999982e+00 -9.749556776731913585e-05 2.801952274550219002e-01
1.520000000000000018e+00 3.048483539194381687e-04 2.648388434231245814e-01
1.560000000000000053e+00 1.304993211885100183e-04 2.802153581747491295e-01
1.600000000000000089e+00 3.551413441302828165e-04 2.723375365215058297e-01
1.640000000000000124e+00 -6.731977364081231192e-05 2.678517411422952077e-01
1.679999999999999938e+00 4.289043964395216984e-04 2.799133973788411334e-01
1.719999999999999973e+00 1.673808473431294321e-04 2.730085605124123460e-01
1.760000000000000009e+00 2.042623734977488459e-04 2.794403254652519930e-01
1.800000000000000044e+00 4.590801905660283461e-04 2.654595406147131631e-01
1.840000000000000080e+00 6.066062951845061640e-04 2.620742245805894877e-01
1.880000000000000115e+00 6.367820893110128118e-04 2.684422422542929731e-01
1.919999999999999929e+00 5.730776350439430655e-04 2.784706957983919540e-01
1.959999999999999964e+00 3.920228702849023117e-04 2.663922639620733834e-01
2.000000000000000000e+00 5.227846448330983635e-04 2.774977110115773860e-01
2.040000000000000036e+00 3.484356121021702402e-04 2.737164908228187921e-01
2.080000000000000071e+00 6.837222135078013883e-04 2.797322209012962912e-01
2.120000000000000107e+00 7.373680697327019990e-04 2.667210657176176114e-01
2.160000000000000142e+00 6.602521514094067748e-04 2.673384077892517197e-01
2.200000000000000178e+00 7.574852658170399449e-04 2.660500417267110396e-01
2.240000000000000213e+00 1.106183331278896191e-03 2.744177108933161247e-01
2.280000000000000249e+00 7.809553279154342331e-04 2.650065994208512521e-01
2.319999999999999840e+00 1.045831743025882679e-03 2.667646822770265436e-01
2.359999999999999876e+00 9.050113704355176002e-04 2.765951837438080374e-01
2.399999999999999911e+00 1.163182053517853578e-03 2.676604993048867787e-01
2.439999999999999947e+00 1.300649560094162098e-03 2.663956190820279124e-01
2.479999999999999982e+00 1.384471210445570007e-03 2.802220684146581875e-01
2.520000000000000018e+00 1.428058468628302241e-03 2.774205432526232196e-01
2.560000000000000053e+00 1.535350181078104113e-03 2.800878636164769175e-01
2.600000000000000089e+00 1.220180775756810748e-03 2.656709131718487660e-01
2.640000000000000124e+00 1.709699213809032182e-03 2.784639855584828960e-01
2.680000000000000160e+00 2.239452044029929291e-03 2.794067742657065923e-01
2.720000000000000195e+00 2.708853285997812454e-03 2.764207175061723643e-01
2.760000000000000231e+00 4.066764021690619409e-03 2.785679942770734052e-01
2.800000000000000266e+00 7.131283558538085987e-03 2.818090401531522238e-01
2.839999999999999858e+00 1.263333668760448919e-02 2.861539204942724068e-01
2.879999999999999893e+00 2.435495627274535807e-02 2.939210231890161396e-01
2.919999999999999929e+00 4.131375257184217997e-02 3.088982786660513513e-01
2.959999999999999964e+00 6.371760327776644639e-02 3.204767976291444942e-01
3.000000000000000000e+00 9.045670973986552621e-02 3.247243794915832260e-01
3.040000000000000036e+00 1.181882645421252764e-01 3.379771033119882695e-01
3.080000000000000071e+00 1.489776331492043693e-01 3.444659053040549646e-01
3.120000000000000107e+00 1.813428487828899760e-01 3.498005460317624715e-01
3.160000000000000142e+00 2.135739497760132666e-01 3.561484329857387832e-01
3.200000000000000178e+00 2.473909563937851663e-01 3.642376271961177414e-01
3.240000000000000213e+00 2.813554891161755833e-01 3.695689128038705529e-01
3.280000000000000249e+00 3.157022485641684528e-01 3.745110044968975038e-01
3.320000000000000284e+00 3.509710461660267566e-01 3.779164512507486307e-01
3.359999999999999876e+00 3.849992833426841843e-01 3.813755799238718880e-01
3.399999999999999911e+00 4.204860172354563663e-01 3.835832488539545060e-01
3.439999999999999947e+00 4.569719052004169724e-01 3.846703077192233922e-01
3.479999999999999982e+00 4.926095180638215276e-01 3.849387173155859876e-01
3.520000000000000018e+00 5.285153602083506597e-01 3.810165820887368993e-01
3.560000000000000053e+00 5.650884226896768503e-01 3.827713098249577173e-01
3.600000000000000089e+00 6.010680278865151438e-01 3.882233797510737383e-01
3.640000000000000124e+00 6.375438572534336545e-01 3.893003732564788155e-01
3.680000000000000160e+00 6.733524662835549401e-01 3.938465607948709035e-01
3.720000000000000195e+00 7.098282956504735619e-01 3.980136197784007734e-01
3.760000000000000231e+00 7.467802319913884324e-01 4.013754499728428571e-01
3.800000000000000266e+00 7.836081122897828877e-01 3.999226830325300353e-01
3.839999999999999858e+00 8.204494040522333220e-01 4.035898291428346440e-01
3.879999999999999893e+00 8.577869199847647508e-01 4.026470404356108368e-01
3.919999999999999929e+00 8.945209200347653544e-01 4.049956244037839492e-01
3.959999999999999964e+00 9.318953174934514472e-01 4.065792410223235676e-01
4.000000000000000000e+00 9.682001506936529500e-01 4.104778904094907310e-01
