0.000000000000000000e+00 -1.355749768247107266e-03 7.067592862766132120e-03
4.000000000000000083e-02 -1.325737338044230855e-03 8.477481644150373918e-03
8.000000000000000167e-02 -1.322402623577245044e-03 6.176784274053049618e-03
1.199999999999999956e-01 -1.385762198449983027e-03 6.866658594635362961e-03
1.600000000000000033e-01 -1.235700047435603788e-03 6.809727218664977412e-03
2.000000000000000111e-01 -1.322402623577244828e-03 8.397107936898065214e-03
2.399999999999999911e-01 -1.058960180685335033e-03 9.693133966341534180e-03
2.800000000000000266e-01 -1.289055478907383040e-03 8.557855351402682623e-03
3.200000000000000067e-01 -1.058960180685334816e-03 9.076935544073839318e-03
3.599999999999999867e-01 -1.068964324086293547e-03 8.022030636387294730e-03
4.000000000000000222e-01 -1.062294895152321060e-03 7.010661486795747438e-03
4.400000000000000022e-01 -9.989353202795830770e-04 -1.719932463486235040e-03
4.799999999999999822e-01 -9.489146032747901782e-04 8.614786727373063835e-03
5.200000000000000178e-01 -9.422451743408179073e-04 8.872652371474221145e-03
5.600000000000000533e-01 -8.422037403312316759e-04 9.267823098798071840e-03
5.999999999999999778e-01 -8.388690258642456489e-04 2.499687167259947648e-03
6.400000000000000133e-01 -8.955591718030110355e-04 6.672422135442286628e-03
6.800000000000000488e-01 -7.254887339867145506e-04 9.709878488685767112e-03
7.199999999999999734e-01 -7.054804471847971959e-04 9.773507673593842884e-03
7.600000000000000089e-01 -7.088151616517834397e-04 6.886752021448440571e-03
8.000000000000000444e-01 -5.987695842412388020e-04 9.368290232863455552e-03
8.399999999999999689e-01 -6.187778710431560483e-04 3.597372116672404858e-04
8.800000000000000044e-01 -6.087737276421975336e-04 6.588699523721128042e-03
9.200000000000000400e-01 -6.454555867790455655e-04 1.069110749805769582e-02
9.599999999999999645e-01 -8.221954535293143213e-04 4.981225378674965232e-03
1.000000000000000000e+00 -9.322410309398591758e-04 -1.827853122858402052e-04
1.040000000000000036e+00 -7.154845905857559274e-04 6.538465956688438788e-03
1.080000000000000071e+00 -5.921001553072664228e-04 7.995239400636523427e-03
1.120000000000000107e+00 -3.553354281512459282e-04 1.121353659519769806e-02
1.159999999999999920e+00 -4.120255740900114773e-04 1.130730592032539242e-02
1.199999999999999956e+00 -8.155260245953418335e-04 8.176080241954217578e-03
1.239999999999999991e+00 -5.254058659675423047e-04 7.784258419099213296e-03
1.280000000000000027e+00 -4.387032898259011029e-04 8.812372091034990917e-03
1.320000000000000062e+00 -4.787198634297355412e-04 4.656381645196885737e-03
1.360000000000000098e+00 -4.220297174909701005e-04 8.762138524002297327e-03
1.400000000000000133e+00 -5.190409117694711258e-06 1.012849154729153663e-02
1.439999999999999947e+00 -5.020628646986390314e-04 4.166685876376258180e-04
1.479999999999999982e+00 -1.519455251865330729e-05 8.001937209574217988e-03
1.520000000000000018e+00 -2.919758532785081081e-04 1.093222861981462367e-02
1.560000000000000053e+00 -4.520698272152910555e-05 7.794305132505753402e-03
1.600000000000000089e+00 -2.686328520096046722e-04 7.847887604007293405e-03
1.640000000000000124e+00 -3.853755378755670594e-05 9.934255088098458558e-03
1.679999999999999938e+00 -2.652981375426185368e-04 -1.107082945687384639e-03
1.719999999999999973e+00 -1.719261324670048473e-04 2.124609866749176297e-03
1.760000000000000009e+00 1.515411708306568491e-04 9.562526692056537089e-03
1.800000000000000044e+00 2.815673555216733424e-05 7.080988480641517771e-03
1.840000000000000080e+00 -4.854169718851532908e-05 -1.492962675973771337e-04
1.880000000000000115e+00 -1.519455251865327680e-05 1.186160899103160806e-04
1.919999999999999929e+00 2.515826048402429720e-04 9.830439049564229301e-03
1.959999999999999964e+00 4.083141847885946442e-04 4.884107149078427065e-03
2.000000000000000000e+00 1.682147431655878244e-04 4.840571390983424566e-03
2.040000000000000036e+00 4.483307583924289199e-04 9.301312143486530765e-03
2.080000000000000071e+00 7.551244893551596138e-04 1.047342870758269547e-02
2.120000000000000107e+00 7.051037723503664981e-04 -9.798245758712302751e-04
2.160000000000000142e+00 1.051914076916931522e-03 2.525722686641636229e-04
2.200000000000000178e+00 1.175298512195421244e-03 -8.659618239304602613e-04
2.240000000000000213e+00 1.635489108639517040e-03 9.455361749053455347e-03
2.280000000000000249e+00 1.885592693663482294e-03 8.008635018511907344e-03
2.319999999999999840e+00 2.079006132748682269e-03 2.864717754364180628e-03
2.359999999999999876e+00 3.132775904316322316e-03 9.006608550228070720e-03
2.399999999999999911e+00 4.673413988063947894e-03 9.247729671984993363e-03
2.439999999999999947e+00 8.838472357329717893e-03 1.496765850477426059e-02
2.479999999999999982e+00 1.651498506033195757e-02 1.402661634902848710e-02
2.520000000000000018e+00 3.022733094857922229e-02 4.545608478914985040e-02
2.560000000000000053e+00 4.821478078350280305e-02 6.831235778902500222e-02
2.600000000000000089e+00 7.030392941281939090e-02 1.066338716260318287e-01
2.640000000000000124e+00 9.423717514237940629e-02 1.578855056172536742e-01
2.680000000000000160e+00 1.202479479848717753e-01 2.074057559980821419e-01
2.720000000000000195e+00 1.479294127753242594e-01 2.621569951592482850e-01
2.760000000000000231e+00 1.763611883208485998e-01 3.229530068866817150e-01
2.800000000000000266e+00 2.055732870516477628e-01 3.821448933735380193e-01
2.839999999999999858e+00 2.355056841073158991e-01 4.445517281504864915e-01
2.879999999999999893e+00 2.658415816134893639e-01 5.070456344436248264e-01
2.919999999999999929e+00 2.959673921082427439e-01 5.696098677306091762e-01
2.959999999999999964e+00 3.271769848047665352e-01 6.244481784079654041e-01
3.000000000000000000e+00 3.585266355089040125e-01 6.962587369334339860e-01
3.040000000000000036e+00 3.899263069300458739e-01 7.594726576873742641e-01
3.080000000000000071e+00 4.213293130656551866e-01 8.234568264691494166e-01
3.120000000000000107e+00 4.534526175261332503e-01 8.924877942854757551e-01
3.160000000000000142e+00 4.852457852543797245e-01 9.566260126728174384e-01
3.200000000000000178e+00 5.176692140168864809e-01 1.022388449727549942e+00
3.240000000000000213e+00 5.493790138834583336e-01 1.086948630077966937e+00
3.280000000000000249e+00 5.816757234962196543e-01 1.146321357406140384e+00
3.320000000000000284e+00 6.142358755518730895e-01 1.217904190427727240e+00
3.359999999999999876e+00 6.468026970364602057e-01 1.281948639489941755e+00
3.399999999999999911e+00 6.796863163954111053e-01 1.341194108448299671e+00
3.439999999999999947e+00 7.124265430322819226e-01 1.413309417280433022e+00
3.479999999999999982e+00 7.453901955384403255e-01 1.478961340487693565e+00
3.520000000000000018e+00 7.777202522958714948e-01 1.544636706026236039e+00
3.560000000000000053e+00 8.111074135393372408e-01 1.609170095140901369e+00
3.600000000000000089e+00 8.439443468957507077e-01 1.664929354547190155e+00
3.640000000000000124e+00 8.769013299729749855e-01 1.732925510882643572e+00
3.680000000000000160e+00 9.105419295159321580e-01 1.800399238120955925e+00
3.720000000000000195e+00 9.430387219967126811e-01 1.953718782513671925e+00
3.760000000000000231e+00 9.764925775295180133e-01 2.022337835080330048e+00
3.800000000000000266e+00 1.009079407300907505e+00 2.092671526735037091e+00
3.839999999999999858e+00 1.042833387135741585e+00 2.159529055551081989e+00
3.879999999999999893e+00 1.076143849946466835e+00 2.226369839844783094e+00
3.919999999999999929e+00 1.109581031906937687e+00 2.291418960247650904e+00
3.959999999999999964e+00 1.142978197293804010e+00 2.359264415882006194e+00
4.000000000000000000e+00 1.176638805123563225e+00 2.422672573095139281e+00
