0.000000000000000000e+00 -1.038951893883417570e-03 8.082310916826524957e-03
4.000000000000000083e-02 -1.309063765709300503e-03 3.219701628061875237e-03
8.000000000000000167e-02 -8.455384547982178114e-04 6.123201802551511350e-03
1.199999999999999956e-01 -1.209022331699713838e-03 6.176784274053051353e-03
1.600000000000000033e-01 -9.555840322087626659e-04 5.550539138378816385e-03
2.000000000000000111e-01 -1.022278321548486567e-03 8.356921083271911729e-03
2.399999999999999911e-01 -8.221954535293144297e-04 9.143913633450764106e-03
2.800000000000000266e-01 -1.092307325355197038e-03 9.364941328394610007e-03
3.200000000000000067e-01 -8.522078837321906243e-04 9.046795403854225939e-03
3.599999999999999867e-01 -9.922658913456110230e-04 9.247729671984995098e-03
4.000000000000000222e-01 -6.721333025149351910e-04 9.917510565754230831e-03
4.400000000000000022e-01 -5.320752949015147924e-04 6.638933090753823367e-03
4.799999999999999822e-01 -5.921001553072664228e-04 8.624833440779605676e-03
5.200000000000000178e-01 -4.787198634297355412e-04 6.719306798006132071e-03
5.600000000000000533e-01 -9.822617479446520746e-04 7.127873143205365816e-03
5.999999999999999778e-01 -6.387861578450735114e-04 9.408477086489612506e-03
6.400000000000000133e-01 -7.555011641895904200e-04 4.596101364757653775e-03
6.800000000000000488e-01 -6.654638735809629202e-04 3.778968674359186285e-03
7.199999999999999734e-01 -6.321167289111008069e-04 9.378336946269995658e-03
7.600000000000000089e-01 -2.919758532785082165e-04 7.335505220273827801e-03
8.000000000000000444e-01 -3.053147111464529751e-04 5.989245623797665244e-03
8.399999999999999689e-01 -3.453312847502874676e-04 8.608088918435376213e-03
8.800000000000000044e-01 -1.119012720612531762e-04 5.118530461897658618e-03
9.200000000000000400e-01 -2.586287086086461033e-04 6.227017841085743209e-03
9.599999999999999645e-01 -2.019385626698806354e-04 5.848591636106124578e-03
1.000000000000000000e+00 -3.186535690143978421e-04 4.803733441826116626e-03
1.040000000000000036e+00 -2.953105677454942977e-04 4.961131951861887622e-03
1.080000000000000071e+00 8.818159595791898837e-05 5.667750794788433029e-03
1.120000000000000107e+00 -4.953934357646665437e-04 3.772270865421494760e-03
1.159999999999999920e+00 1.815259215120874160e-05 3.045558595681873912e-03
1.199999999999999956e+00 -6.188055505646014186e-05 4.334886816187651787e-03
1.239999999999999991e+00 8.484688149093278517e-05 5.342907061310353534e-03
1.280000000000000027e+00 -7.521941292440492753e-05 6.957079015294209169e-03
1.320000000000000062e+00 1.015204538258638418e-04 4.733406447980347161e-03
1.360000000000000098e+00 1.815536010335326914e-04 6.749446938225747185e-03
1.400000000000000133e+00 2.149007457033947233e-04 9.729971915498845589e-03
1.439999999999999947e+00 2.915991784440774104e-04 8.825767708910376569e-03
1.479999999999999982e+00 3.216116086469532256e-04 6.622188568409593905e-03
1.520000000000000018e+00 4.516654728594151637e-04 8.876001275943070160e-03
1.560000000000000053e+00 1.221984514733228007e-03 1.030933238860923078e-02
1.600000000000000089e+00 2.499180155588943790e-03 4.539169988787269960e-03
1.640000000000000124e+00 5.136939298975029718e-03 9.318056665830761962e-03
1.679999999999999938e+00 1.074259431797883538e-02 9.940952897036153119e-03
1.719999999999999973e+00 2.068671285853169312e-02 1.367163247533079683e-02
1.760000000000000009e+00 3.614311441301274602e-02 2.757552811361102356e-03
1.800000000000000044e+00 5.723518341670046777e-02 6.598746237127668147e-03
1.840000000000000080e+00 8.227555434929988143e-02 1.677606691795120036e-02
1.880000000000000115e+00 1.105139164557390613e-01 2.267348768758931099e-02
1.919999999999999929e+00 1.411532729784082951e-01 4.492360897860331326e-02
1.959999999999999964e+00 1.729564448500557350e-01 5.247538855585143908e-02
2.000000000000000000e+00 2.044728312775423162e-01 6.603510275020960107e-02
2.040000000000000036e+00 2.377132650844608619e-01 7.337925025038927185e-02
2.080000000000000071e+00 2.707602854522940805e-01 8.291358127319435611e-02
2.120000000000000107e+00 3.060315603696071585e-01 9.572314086653097021e-02
2.160000000000000142e+00 3.397988790623092670e-01 9.876729502871216260e-02
2.200000000000000178e+00 3.756637331547459935e-01 1.200629785461049814e-01
2.240000000000000213e+00 4.103247553246005541e-01 1.353708208732008478e-01
2.280000000000000249e+00 4.468165357368305557e-01 1.462915983461082481e-01
2.319999999999999840e+00 4.816876449181053954e-01 1.546437660914106171e-01
2.359999999999999876e+00 5.175958502986127696e-01 1.724967758148295838e-01
2.399999999999999911e+00 5.535273986803890267e-01 1.825803271705254138e-01
2.439999999999999947e+00 5.891521533312027437e-01 2.030990648511458996e-01
2.479999999999999982e+00 6.264642735023112641e-01 2.139763065659583130e-01
2.520000000000000018e+00 6.620256685782522910e-01 2.294984787790603498e-01
2.560000000000000053e+00 6.987475442887042254e-01 2.452885633496700302e-01
2.600000000000000089e+00 7.352593329877361583e-01 2.592635416981651786e-01
2.640000000000000124e+00 7.715210181017441160e-01 2.653585478314651747e-01
2.680000000000000160e+00 8.083496046751398323e-01 2.859509614104003283e-01
2.720000000000000195e+00 8.454216254046253987e-01 3.020390984787373334e-01
2.760000000000000231e+00 8.826403735706584985e-01 3.157696068010066859e-01
2.800000000000000266e+00 9.191955135577614122e-01 3.295369530724333029e-01
2.839999999999999858e+00 9.564276005816622073e-01 3.431937854963880152e-01
2.879999999999999893e+00 9.934996213111477736e-01 3.571118324689127044e-01
2.919999999999999929e+00 1.029404491977188307e+00 3.666930481542815534e-01
2.959999999999999964e+00 1.067950456501081780e+00 3.836452025755811013e-01
3.000000000000000000e+00 1.105459324825742495e+00 4.007681511247914719e-01
3.040000000000000036e+00 1.142704750707511208e+00 4.164812108926178036e-01
3.080000000000000071e+00 1.179499990136237297e+00 4.308513599684367645e-01
3.120000000000000107e+00 1.217348999336530735e+00 4.515710319171881149e-01
3.160000000000000142e+00 1.254951239666266982e+00 4.737273838830743378e-01
3.200000000000000178e+00 1.292226677978238758e+00 4.852543130648428460e-01
3.240000000000000213e+00 1.328301619082095542e+00 4.999359102562645485e-01
3.280000000000000249e+00 1.365863842838227704e+00 5.177654776484015287e-01
3.320000000000000284e+00 1.403636153605780645e+00 5.370417717710801453e-01
3.359999999999999876e+00 1.441922010401249787e+00 5.495499299622207401e-01
3.399999999999999911e+00 1.479290820718297095e+00 5.693118152328817683e-01
3.439999999999999947e+00 1.516266134728239567e+00 5.802024525655696818e-01
3.479999999999999982e+00 1.555152240127765761e+00 6.024994585191474350e-01
3.520000000000000018e+00 1.591157152227815619e+00 6.128140842831937274e-01
3.560000000000000053e+00 1.630240005780894341e+00 6.327367169683596471e-01
3.600000000000000089e+00 1.667975634689310427e+00 6.465442500934124315e-01
3.640000000000000124e+00 1.705301093718286420e+00 6.666711659511779242e-01
3.680000000000000160e+00 1.743266817924924883e+00 6.831812649825896866e-01
3.720000000000000195e+00 1.780692318387910866e+00 6.966371631384137286e-01
3.760000000000000231e+00 1.819111563762059181e+00 7.173802774184468989e-01
3.800000000000000266e+00 1.855860117188246949e+00 7.301630457760327486e-01
3.839999999999999858e+00 1.893779155392347313e+00 7.494091997584915177e-01
3.879999999999999893e+00 1.932018326185277468e+00 7.630392409466953962e-01
3.919999999999999929e+00 1.969180384205372114e+00 7.769673346326267938e-01
3.959999999999999964e+00 2.007446232714038548e+00 8.001518002704489652e-01
4.000000000000000000e+00 2.045088489617378880e+00 8.116418915030600978e-01
