0.000000000000000000e+00 -1.787340038851700178e-03 2.604771874822318090e-01
4.000000000000000083e-02 -2.022040659835641976e-03 2.663016757233009346e-01
8.000000000000000167e-02 -1.951630473540459437e-03 2.518276882394458460e-01
1.199999999999999956e-01 -1.713576986542461296e-03 2.635035056812204957e-01
1.600000000000000033e-01 -1.683401192415954649e-03 2.663889088421188545e-01
2.000000000000000111e-01 -1.649872532275391442e-03 2.604268606829138188e-01
2.399999999999999911e-01 -1.532522221783420759e-03 2.560215881826120032e-01
2.800000000000000266e-01 -1.398407581221168365e-03 2.500528297834979652e-01
3.200000000000000067e-01 -1.509052159685026579e-03 2.675430701064781536e-01
3.599999999999999867e-01 -1.475523499544463372e-03 2.665868609194363414e-01
4.000000000000000222e-01 -1.495640695628800993e-03 2.646845079052160266e-01
4.400000000000000022e-01 -1.448700571432012850e-03 2.642349218313086445e-01
4.799999999999999822e-01 -1.586168078008321587e-03 2.658554447693480816e-01
5.200000000000000178e-01 -1.438641973389844040e-03 2.518310433594003750e-01
5.600000000000000533e-01 -1.083238175899874350e-03 2.668116539563900047e-01
5.999999999999999778e-01 -1.096649639956099719e-03 2.540890390888010941e-01
6.400000000000000133e-01 -1.167059826251282042e-03 2.554679933901141120e-01
6.800000000000000488e-01 -1.190529888349676439e-03 2.668519153958444079e-01
7.199999999999999734e-01 -9.625349993938473250e-04 2.649864687011239672e-01
7.600000000000000089e-01 -1.036298051703086207e-03 2.631679936857672097e-01
8.000000000000000444e-01 -9.021834111408335959e-04 2.671136147522980009e-01
8.399999999999999689e-01 -8.384789568737637411e-04 2.541293005282554418e-01
8.800000000000000044e-01 -1.059768113801480170e-03 2.656172312525762469e-01
9.200000000000000400e-01 -1.063120979815536512e-03 2.682577106567937131e-01
9.599999999999999645e-01 -6.909528522552860859e-04 2.678181899427498625e-01
1.000000000000000000e+00 -4.931337574259637285e-04 2.584506950296938665e-01
1.040000000000000036e+00 -6.373069960303852583e-04 2.686267738517923442e-01
1.080000000000000071e+00 -6.976585842833986622e-04 2.651206734993054037e-01
1.120000000000000107e+00 -4.897808914119074946e-04 2.667579720371174856e-01
1.159999999999999920e+00 -5.031923554681326472e-04 2.629532660086770779e-01
1.199999999999999956e+00 -7.244815123958491844e-04 2.585312179086026729e-01
1.239999999999999991e+00 -3.053732606388103441e-04 2.541259454083009683e-01
1.280000000000000027e+00 -1.645528880484452923e-04 2.681771877778848512e-01
1.320000000000000062e+00 -2.919617965825851372e-04 2.685126997733381371e-01
1.360000000000000098e+00 1.103821251041721266e-04 2.598162288511887685e-01
1.400000000000000133e+00 1.606751153150168016e-04 2.543742242849363899e-01
1.439999999999999947e+00 1.985474272465174295e-05 2.677242465840228847e-01
1.479999999999999982e+00 1.439107852447351981e-04 2.672176234708884546e-01
1.520000000000000018e+00 8.312483181262787183e-04 2.656138761326216624e-01
1.560000000000000053e+00 2.142218929622296229e-03 2.640705209535365583e-01
1.600000000000000089e+00 5.116211084090242431e-03 2.551291262747062416e-01
1.640000000000000124e+00 1.035674066406025613e-02 2.590613268614188613e-01
1.679999999999999938e+00 1.887302033976328425e-02 2.658453794094845501e-01
1.719999999999999973e+00 3.268682831767528302e-02 2.713813273344639065e-01
1.760000000000000009e+00 5.085265638183237430e-02 2.746492141701789569e-01
1.800000000000000044e+00 7.307209945698354969e-02 2.854258594641387869e-01
1.840000000000000080e+00 9.935521614117098776e-02 2.931392802396100561e-01
1.880000000000000115e+00 1.278512243946355598e-01 2.967695200304146241e-01
1.919999999999999929e+00 1.579398440047768970e-01 3.023390191549393258e-01
1.959999999999999964e+00 1.896277807036230167e-01 3.042715682487504014e-01
2.000000000000000000e+00 2.223081657426299318e-01 3.110254247172251629e-01
2.040000000000000036e+00 2.550757252980022649e-01 3.146657298678934289e-01
2.080000000000000071e+00 2.888524975236055892e-01 3.203862093903721564e-01
2.120000000000000107e+00 3.228673232362068157e-01 3.245868195734473161e-01
2.160000000000000142e+00 3.583708214590491381e-01 3.255866453198981714e-01
2.200000000000000178e+00 3.930293974463491824e-01 3.291900441510665076e-01
2.240000000000000213e+00 4.271481620053861339e-01 3.315252076394214487e-01
2.280000000000000249e+00 4.644655607418328724e-01 3.291564929515211069e-01
2.319999999999999840e+00 4.990805494709502632e-01 3.341187153642755647e-01
2.359999999999999876e+00 5.360559558739632635e-01 3.342864713620020689e-01
2.399999999999999911e+00 5.729810692867655098e-01 3.377019834757166716e-01
2.439999999999999947e+00 6.097921852550896027e-01 3.370645106843552230e-01
2.479999999999999982e+00 6.458723764323496264e-01 3.380844671505332522e-01
2.520000000000000018e+00 6.826767866686458408e-01 3.406880402352509551e-01
2.560000000000000053e+00 7.196521930716586191e-01 3.432312211607868591e-01
2.600000000000000089e+00 7.573585242657360217e-01 3.418757526991555995e-01
2.640000000000000124e+00 7.946692172701544932e-01 3.455294783296419814e-01
2.680000000000000160e+00 8.315004504345634428e-01 3.446571471414633381e-01
2.720000000000000195e+00 8.680098084616224563e-01 3.485792823683123709e-01
2.760000000000000231e+00 9.056423766033905309e-01 3.493140536383551042e-01
2.800000000000000266e+00 9.426043715423471081e-01 3.497837704319897711e-01
2.839999999999999858e+00 9.799821218670466960e-01 3.513103500113022859e-01
2.879999999999999893e+00 1.017175464560973630e+00 3.530382367878867056e-01
2.919999999999999929e+00 1.054539803421616906e+00 3.539273435758378827e-01
2.959999999999999964e+00 1.092732300187732264e+00 3.549842063615158971e-01
3.000000000000000000e+00 1.131233260627141135e+00 3.561819841852841284e-01
3.040000000000000036e+00 1.168051082327493440e+00 3.572556225707346211e-01
3.080000000000000071e+00 1.205516007168558668e+00 3.564436835417376659e-01
3.120000000000000107e+00 1.243859382905306621e+00 3.607113961239036271e-01
3.160000000000000142e+00 1.281924470762887847e+00 3.616877360306726685e-01
3.200000000000000178e+00 1.319392748469967458e+00 3.637410694428467317e-01
3.240000000000000213e+00 1.357008552281665281e+00 3.633753613678026295e-01
3.280000000000000249e+00 1.394426536998533139e+00 3.641201979977090053e-01
3.320000000000000284e+00 1.433232608245221584e+00 3.671163201171069868e-01
3.359999999999999876e+00 1.470063841409630090e+00 3.660762329312017282e-01
3.399999999999999911e+00 1.508102106339098247e+00 3.644053831938443566e-01
3.439999999999999947e+00 1.546274485909129526e+00 3.659923549323383929e-01
3.479999999999999982e+00 1.584956501113297334e+00 3.660628124513836679e-01
3.520000000000000018e+00 1.623604987657324195e+00 3.676766251495138804e-01
3.560000000000000053e+00 1.661760602897285111e+00 3.681798931426938370e-01
3.600000000000000089e+00 1.699332819450800391e+00 3.680758844241033279e-01
3.640000000000000124e+00 1.738152302161544593e+00 3.674686077123329175e-01
3.680000000000000160e+00 1.776602969610742377e+00 3.705519629505486523e-01
3.720000000000000195e+00 1.814728409056576508e+00 3.722899150869967699e-01
3.760000000000000231e+00 1.852062572123093442e+00 3.713974531790910638e-01
3.800000000000000266e+00 1.890647354212853237e+00 3.712967995804550281e-01
3.839999999999999858e+00 1.928672207678265860e+00 3.719845991711342448e-01
3.879999999999999893e+00 1.968132087797694219e+00 3.731756667549934736e-01
3.919999999999999929e+00 2.006897924652213838e+00 3.724979325241777328e-01
3.959999999999999964e+00 2.045160831604624807e+00 3.737930088266274153e-01
4.000000000000000000e+00 2.083246036658290112e+00 3.721221590892700437e-01
