0.000000000000000000e+00 -1.112315612157114067e-03 1.259328523636232301e-02
4.000000000000000083e-02 -1.242369476369576059e-03 1.293152458771578729e-02
8.000000000000000167e-02 -1.205687617232727811e-03 1.016532949644884630e-02
1.199999999999999956e-01 -1.309063765709299852e-03 9.994535368537692255e-03
1.600000000000000033e-01 -1.249038905303548547e-03 1.239904877716924841e-02
2.000000000000000111e-01 -1.369088626115051808e-03 1.242249110845116723e-02
2.399999999999999911e-01 -1.172340472562866023e-03 2.807786378393796380e-03
2.800000000000000266e-01 -1.092307325355197038e-03 1.540636499019311031e-02
3.200000000000000067e-01 -1.282386049973410769e-03 2.807786378393795513e-03
3.599999999999999867e-01 -1.058960180685334599e-03 2.228425905283407289e-03
4.000000000000000222e-01 -9.322410309398590673e-04 8.705207148031912645e-03
4.400000000000000022e-01 -1.022278321548486784e-03 1.461602353554541066e-02
4.799999999999999822e-01 -1.032282464949445082e-03 1.168908102977385573e-02
5.200000000000000178e-01 -6.454555867790456739e-04 1.320613475416117233e-02
5.600000000000000533e-01 -9.789270334776658308e-04 1.379889084514694490e-02
5.999999999999999778e-01 -7.821788799254800455e-04 9.090331161949223235e-03
6.400000000000000133e-01 -7.888483088594525332e-04 1.117334974157154111e-02
6.800000000000000488e-01 -7.354928773876733905e-04 4.455447377066114843e-03
7.199999999999999734e-01 -7.221540195197284151e-04 7.184804519175748763e-03
7.600000000000000089e-01 -7.388275918546594176e-04 1.387926455239925534e-02
8.000000000000000444e-01 -5.320752949015147924e-04 9.806996718282305278e-03
8.399999999999999689e-01 -7.555011641895904200e-04 1.482030670814502883e-02
8.800000000000000044e-01 -6.254472999771283192e-04 1.041649733161230731e-02
9.200000000000000400e-01 -5.287405804345285485e-04 1.082841258128039094e-02
9.599999999999999645e-01 -4.086908596230252335e-04 1.448876516572926258e-02
1.000000000000000000e+00 -3.620048570852184701e-04 1.430122651547387387e-02
1.040000000000000036e+00 -4.753851489627492974e-04 1.185317734874731521e-02
1.080000000000000071e+00 -2.886411388115220269e-04 1.243923563079540016e-02
1.120000000000000107e+00 -5.354100093685009278e-04 3.959809515676880436e-03
1.159999999999999920e+00 -3.119841400804254628e-04 1.211104299284847599e-02
1.199999999999999956e+00 -4.253644319579562901e-04 4.401864905564575707e-03
1.239999999999999991e+00 -4.053561451560390981e-04 1.217132327328770622e-02
1.280000000000000027e+00 -3.419965702833011154e-04 1.395628935518271503e-02
1.320000000000000062e+00 -2.619634230756323471e-04 3.996647464834188375e-03
1.360000000000000098e+00 -3.386618558163148715e-04 4.237768586591113620e-03
1.400000000000000133e+00 -1.285748443961842193e-04 1.233876849673001298e-02
1.439999999999999947e+00 -1.855694650708505734e-06 1.366158576192425499e-02
1.479999999999999982e+00 2.315743180383256986e-04 1.559055473597965522e-02
1.520000000000000018e+00 -2.019385626698806083e-04 4.381771478751498097e-03
1.560000000000000053e+00 2.815950350431187872e-04 9.696482870810381460e-03
1.600000000000000089e+00 8.985172114355661479e-04 3.367053424691107428e-03
1.640000000000000124e+00 1.765542972851979467e-03 6.417905395809976599e-03
1.679999999999999938e+00 3.719685650505893428e-03 8.976468410008453871e-03
1.719999999999999973e+00 8.008128455050151848e-03 1.361135219489155966e-02
1.760000000000000009e+00 1.445079680526749517e-02 1.488393589305310981e-02
1.800000000000000044e+00 2.544535040292101105e-02 9.683087252934999278e-03
1.840000000000000080e+00 4.111517368328917316e-02 1.668899540176119883e-02
1.880000000000000115e+00 6.052988131008285588e-02 7.784258419099215030e-03
1.919999999999999929e+00 8.311590239498038712e-02 1.558720583151080620e-02
1.959999999999999964e+00 1.090232990889962172e-01 2.127699452408046005e-02
2.000000000000000000e+00 1.363079328578773453e-01 2.246250670605200866e-02
2.040000000000000036e+00 1.645596338221844701e-01 1.868494246519351865e-02
2.080000000000000071e+00 1.944553490187157230e-01 2.270697673227778032e-02
2.120000000000000107e+00 2.252481024068663240e-01 2.005129548848276141e-02
2.160000000000000142e+00 2.564410215310553021e-01 3.015494027099167168e-02
2.200000000000000178e+00 2.886176814230052567e-01 3.206381581823399690e-02
2.240000000000000213e+00 3.206176014482046699e-01 3.834970950625827407e-02
2.280000000000000249e+00 3.539980932627365684e-01 4.172205630638636115e-02
2.319999999999999840e+00 3.869117250518904760e-01 3.350384473983784861e-02
2.359999999999999876e+00 4.195085589666805448e-01 4.063366235401136284e-02
2.399999999999999911e+00 4.530191046454249970e-01 4.601200293097831157e-02
2.439999999999999947e+00 4.872899652226421741e-01 4.955514385901758911e-02
2.479999999999999982e+00 5.214074289343780810e-01 5.123294499790951445e-02
2.520000000000000018e+00 5.555415662184487458e-01 5.225770976537644219e-02
2.560000000000000053e+00 5.897323936484583085e-01 4.894564324568755759e-02
2.600000000000000089e+00 6.240099236546094996e-01 6.469888986713998036e-02
2.640000000000000124e+00 6.581240526518784550e-01 6.418985638787536030e-02
2.680000000000000160e+00 6.929518105450821475e-01 6.953470792015387092e-02
2.720000000000000195e+00 7.273860721311818933e-01 6.862380590462770213e-02
2.760000000000000231e+00 7.630975293581370167e-01 7.681522623542545725e-02
2.800000000000000266e+00 7.975451298021044577e-01 7.041212089099156690e-02
2.839999999999999858e+00 8.327730534313468880e-01 7.099817917303966053e-02
2.879999999999999893e+00 8.682877625047500381e-01 8.703608267434397028e-02
2.919999999999999929e+00 9.026786728027785811e-01 8.838234227082014671e-02
2.959999999999999964e+00 9.383534481705970709e-01 9.415920247957980382e-02
3.000000000000000000e+00 9.738047976691274199e-01 9.461130458287404787e-02
3.040000000000000036e+00 1.008859316146086593e+00 9.727368363560676134e-02
3.080000000000000071e+00 1.044253975498677711e+00 9.327844060427323281e-02
3.120000000000000107e+00 1.080062139445175928e+00 1.052909609340244995e-01
3.160000000000000142e+00 1.115460133512234275e+00 1.094168112396430026e-01
3.200000000000000178e+00 1.150894809438429478e+00 1.112687554109149379e-01
3.240000000000000213e+00 1.185742575618435435e+00 1.123973362169160689e-01
3.280000000000000249e+00 1.221307305408843247e+00 1.185057379680915096e-01
3.320000000000000284e+00 1.257272200935289241e+00 1.144468657518499521e-01
3.359999999999999876e+00 1.292943641588640835e+00 1.252872695175050177e-01
3.399999999999999911e+00 1.328701784818134168e+00 1.199960004567280775e-01
3.439999999999999947e+00 1.364660010915645705e+00 1.251600111476888766e-01
3.479999999999999982e+00 1.400478179005545165e+00 1.357458981737116321e-01
3.520000000000000018e+00 1.435462668478697301e+00 1.305517473425311936e-01
3.560000000000000053e+00 1.471941110033059719e+00 1.364022834496054770e-01
3.600000000000000089e+00 1.507579203541741242e+00 1.558962563627590558e-01
3.640000000000000124e+00 1.543687491790267430e+00 1.539605895797659940e-01
3.680000000000000160e+00 1.579802449467728298e+00 1.593891637237656589e-01
3.720000000000000195e+00 1.615730663135037659e+00 1.602933679303540915e-01
3.760000000000000231e+00 1.651788930666559185e+00 1.652497465442464841e-01
3.800000000000000266e+00 1.687153577588947906e+00 1.589906440919729158e-01
3.839999999999999858e+00 1.723745399435187231e+00 1.747338440000188176e-01
3.879999999999999893e+00 1.760053770551733399e+00 1.749917096441199749e-01
3.919999999999999929e+00 1.796465517816755897e+00 1.783004272593399775e-01
3.959999999999999964e+00 1.832240334618583377e+00 1.826740964956531099e-01
4.000000000000000000e+00 1.868595391737667644e+00 1.863846826471347029e-01
