0.000000000000000000e+00 -1.978453401652909959e-03 -4.503476286871260434e-03
4.000000000000000083e-02 -1.894631751301502050e-03 3.594249476502341112e-02
8.000000000000000167e-02 -1.797398636893869205e-03 7.596572070264694110e-02
1.199999999999999956e-01 -1.743752780668968378e-03 1.158379662423164591e-01
1.600000000000000033e-01 -1.452053437446069193e-03 1.556900810622587894e-01
2.000000000000000111e-01 -1.408466179263337175e-03 1.962534813125621225e-01
2.399999999999999911e-01 -1.566050881923983533e-03 2.359210645350051372e-01
2.800000000000000266e-01 -1.539227953811533010e-03 2.760113928717192744e-01
3.200000000000000067e-01 -1.364878921080605158e-03 3.157997604125254987e-01
3.599999999999999867e-01 -1.170412692265338601e-03 3.564671693814192577e-01
4.000000000000000222e-01 -1.515757891713138831e-03 3.962622471621347064e-01
4.400000000000000022e-01 -1.445347705417956725e-03 4.364129676580304484e-01
4.799999999999999822e-01 -1.083238175899874350e-03 4.756041238469299048e-01
5.200000000000000178e-01 -1.136884032124775394e-03 5.161171972979150535e-01
5.600000000000000533e-01 -1.086591041913930692e-03 5.561236476357658276e-01
5.999999999999999778e-01 -8.116560287613135442e-04 5.959153702965266364e-01
6.400000000000000133e-01 -8.921248130986646771e-04 6.360459600726953155e-01
6.800000000000000488e-01 -8.451846889018763175e-04 6.761698396089546037e-01
7.199999999999999734e-01 -9.658878654079034506e-04 7.164346341833047749e-01
7.600000000000000089e-01 -7.077171823255674725e-04 7.563203002027922839e-01
8.000000000000000444e-01 -5.635439437211463764e-04 7.957664455082360533e-01
8.399999999999999689e-01 -5.266624175665268271e-04 8.359876235231771258e-01
8.800000000000000044e-01 -6.104840679179346277e-04 8.759538124215735522e-01
9.200000000000000400e-01 -3.925477770042743245e-04 9.158830950004702709e-01
9.599999999999999645e-01 -2.047872802171211027e-04 9.560405257362750708e-01
1.000000000000000000e+00 -3.154318586809793171e-04 9.959865839149442124e-01
1.040000000000000036e+00 -5.726117559864340675e-05 1.036278219448930393e+00
1.080000000000000071e+00 -3.254904567231482900e-04 1.075982708990873338e+00
1.120000000000000107e+00 -1.109070318235443698e-04 1.115586544934180191e+00
1.159999999999999920e+00 8.691206300577796037e-05 1.155576219672258320e+00
1.199999999999999956e+00 -1.042012997954317393e-04 1.195653127529154425e+00
1.239999999999999991e+00 2.210267035680303410e-04 1.236169556100094047e+00
1.280000000000000027e+00 3.216126839897197180e-04 1.276410864834762293e+00
1.320000000000000062e+00 2.512024976945371785e-04 1.316309951334068140e+00
1.360000000000000098e+00 4.859031186784788683e-04 1.356316401671919136e+00
1.400000000000000133e+00 4.758445206363101664e-04 1.396792568803404411e+00
1.439999999999999947e+00 4.188457983973527796e-04 1.435930043073031515e+00
1.479999999999999982e+00 5.999005631563934793e-04 1.476218323487062722e+00
1.520000000000000018e+00 4.892559846925352649e-04 1.515969784708369295e+00
1.560000000000000053e+00 5.496075729455488857e-04 1.555935973606766165e+00
1.600000000000000089e+00 9.251285665198555460e-04 1.596600027455704618e+00
1.640000000000000124e+00 7.910139259576030434e-04 1.635995845961830675e+00
1.679999999999999938e+00 7.474266677748709177e-04 1.676425041413952988e+00
1.719999999999999973e+00 1.096124733236727381e-03 1.716696546228211995e+00
1.760000000000000009e+00 8.748355763090107356e-04 1.756055458414838011e+00
1.800000000000000044e+00 1.169887785545966046e-03 1.795971320513916281e+00
1.840000000000000080e+00 8.480126481965602134e-04 1.835816725093949442e+00
1.880000000000000115e+00 1.102830465264840066e-03 1.876343219024753539e+00
1.919999999999999929e+00 1.344236818276894115e-03 1.916685181358057211e+00
1.959999999999999964e+00 1.505174386951597248e-03 1.956570847377545164e+00
2.000000000000000000e+00 1.612466099401399120e-03 1.997137602747802720e+00
2.040000000000000036e+00 1.746580739963651732e-03 2.036821961570018491e+00
2.080000000000000071e+00 1.793520864160439657e-03 2.076023183118781645e+00
2.120000000000000107e+00 2.038280083186550917e-03 2.116254426493585861e+00
2.160000000000000142e+00 2.175747589762859653e-03 2.156207194912164393e+00
2.200000000000000178e+00 2.162336125706634284e-03 2.196183449170424851e+00
2.240000000000000213e+00 2.494269861098209144e-03 2.236686457261546135e+00
2.280000000000000249e+00 2.775910606278938868e-03 2.276572123281033644e+00
2.319999999999999840e+00 2.997199763206655730e-03 2.316501405859930696e+00
2.359999999999999876e+00 3.701301626158481125e-03 2.356014653564464822e+00
2.399999999999999911e+00 5.350911705074186397e-03 2.394038228009187197e+00
2.439999999999999947e+00 9.340822261801192197e-03 2.430786856871185897e+00
2.479999999999999982e+00 1.700547396993391802e-02 2.462908775315884480e+00
2.520000000000000018e+00 3.055105266672141634e-02 2.489343765437649569e+00
2.560000000000000053e+00 4.928016222123997314e-02 2.511276184580431448e+00
2.600000000000000089e+00 7.211988550899156580e-02 2.528585248425867071e+00
2.640000000000000124e+00 9.730326214056853051e-02 2.543005553990449918e+00
2.680000000000000160e+00 1.247431175996053382e-01 2.556016709174128820e+00
2.720000000000000195e+00 1.532994774413229677e-01 2.567222809822268470e+00
2.760000000000000231e+00 1.829991645938337519e-01 2.577643812401047896e+00
2.800000000000000266e+00 2.137181230146176780e-01 2.586675795318650106e+00
2.839999999999999858e+00 2.453155323310843294e-01 2.595714488476161819e+00
2.879999999999999893e+00 2.769330588436353935e-01 2.604192876601266970e+00
2.919999999999999929e+00 3.093955075917285136e-01 2.612298846411417852e+00
2.959999999999999964e+00 3.418344862777234483e-01 2.619290916396665114e+00
3.000000000000000000e+00 3.751854445195415000e-01 2.626843291414319381e+00
3.040000000000000036e+00 4.072924894701446807e-01 2.633513269883930086e+00
3.080000000000000071e+00 4.406903878361596028e-01 2.640149697153996389e+00
3.120000000000000107e+00 4.742156951107087681e-01 2.647007562341061604e+00
3.160000000000000142e+00 5.078147654375669839e-01 2.653050133379176057e+00
3.200000000000000178e+00 5.415647147350577395e-01 2.659609392890287527e+00
3.240000000000000213e+00 5.756968907581508921e-01 2.665541244969902301e+00
3.280000000000000249e+00 6.099631814218064996e-01 2.671523423848834344e+00
3.320000000000000284e+00 6.440618287847592605e-01 2.677321071130267072e+00
3.359999999999999876e+00 6.780565373012760189e-01 2.683038195532791992e+00
3.399999999999999911e+00 7.122356534485663193e-01 2.688805646734633292e+00
3.439999999999999947e+00 7.469780510862176204e-01 2.694465734097930554e+00
3.479999999999999982e+00 7.814756895048431407e-01 2.699803729945592146e+00
3.520000000000000018e+00 8.162214400085086030e-01 2.705279285711389647e+00
3.560000000000000053e+00 8.509906605742724173e-01 2.710795102916642829e+00
3.600000000000000089e+00 8.855989435713618185e-01 2.715592924451624146e+00
3.640000000000000124e+00 9.204151042613223366e-01 2.721212750375467504e+00
3.680000000000000160e+00 9.549228012779902297e-01 2.726419896544901800e+00
3.720000000000000195e+00 9.896651989156415308e-01 2.731221073199839200e+00
3.760000000000000231e+00 1.024565181255953750e+00 2.736515452488092137e+00
3.800000000000000266e+00 1.059726687145362556e+00 2.741014668347120598e+00
3.839999999999999858e+00 1.094821135714489690e+00 2.746510354832645273e+00
3.879999999999999893e+00 1.130250870885022740e+00 2.751365213406854249e+00
3.919999999999999929e+00 1.165512962754852833e+00 2.756129483742292052e+00
3.959999999999999964e+00 1.200577235529853848e+00 2.760675671280683918e+00
4.000000000000000000e+00 1.235644861170868802e+00 2.765617762973711091e+00
