0.000000000000000000e+00 -1.985159133681022644e-03 2.748438111275418594e-01
4.000000000000000083e-02 -1.673342594373785621e-03 2.634967954413113822e-01
8.000000000000000167e-02 -1.616343872134828235e-03 2.630639849671767005e-01
1.199999999999999956e-01 -1.599579542064546956e-03 2.760852055107189673e-01
1.600000000000000033e-01 -1.542580819825589353e-03 2.687844644896553725e-01
2.000000000000000111e-01 -1.488934963600688525e-03 2.641678194322180095e-01
2.399999999999999911e-01 -1.794045770879812646e-03 2.658688652491662530e-01
2.800000000000000266e-01 -1.391701849193055680e-03 2.767897807011709399e-01
3.200000000000000067e-01 -1.354820323038436131e-03 2.701667739109229194e-01
3.599999999999999867e-01 -1.203941352405901591e-03 2.614904337085007247e-01
4.000000000000000222e-01 -1.448700571432012850e-03 2.717034188500990211e-01
4.400000000000000022e-01 -1.549286551853702038e-03 2.597927430115070102e-01
4.799999999999999822e-01 -1.260940074644858978e-03 2.696165342383795571e-01
5.200000000000000178e-01 -1.096649639956099719e-03 2.738775365806364048e-01
5.600000000000000533e-01 -1.089943907927986818e-03 2.598732658904158166e-01
5.999999999999999778e-01 -1.076532443871761882e-03 2.626177540132237365e-01
6.400000000000000133e-01 -1.190529888349676222e-03 2.755349658381756051e-01
6.800000000000000488e-01 -9.189477412111153078e-04 2.703110440689678873e-01
7.199999999999999734e-01 -9.658878654079035590e-04 2.760046826318102164e-01
7.600000000000000089e-01 -1.093296773942043160e-03 2.768736587000342753e-01
8.000000000000000444e-01 -8.585961529581017954e-04 2.755752272776300638e-01
8.399999999999999689e-01 -7.915388326769755983e-04 2.767394539018529498e-01
8.800000000000000044e-01 -6.607770581287794381e-04 2.688482117687914785e-01
9.200000000000000400e-01 -8.183617607894261205e-04 2.639497366351733487e-01
9.599999999999999645e-01 -5.333681495946395118e-04 2.757094320758113892e-01
1.000000000000000000e+00 -5.702496757492589528e-04 2.753537893606308740e-01
1.040000000000000036e+00 -5.534853456789773493e-04 2.776453362895768828e-01
1.080000000000000071e+00 -5.903668718335967902e-04 2.739412838597725663e-01
1.120000000000000107e+00 -4.461936332291754773e-04 2.769910878984429559e-01
1.159999999999999920e+00 -4.327821691729502162e-04 2.734447261065016122e-01
1.199999999999999956e+00 -4.026063750464434600e-04 2.713544863748276192e-01
1.239999999999999991e+00 -2.416688063717405436e-04 2.778063820473944401e-01
1.280000000000000027e+00 -3.791363129480492260e-04 2.780278199643935744e-01
1.320000000000000062e+00 -2.708538147213662348e-05 2.618360110638175975e-01
1.360000000000000098e+00 -1.612000220343890312e-04 2.646811527852614976e-01
1.400000000000000133e+00 -2.114930122452336519e-04 2.695393664794252242e-01
1.439999999999999947e+00 2.991334076682067522e-05 2.764341379859904801e-01
1.479999999999999982e+00 1.405579192306789370e-04 2.668485602758898234e-01
1.520000000000000018e+00 1.673808473431294321e-04 2.749243340064506658e-01
1.560000000000000053e+00 8.278954521122224844e-04 2.761858591093550586e-01
1.600000000000000089e+00 1.605760367373286653e-03 2.661574055652560777e-01
1.640000000000000124e+00 3.070962815515893961e-03 2.764509135857631250e-01
1.679999999999999938e+00 6.262891260897501117e-03 2.767226783020802494e-01
1.719999999999999973e+00 1.267021821375911156e-02 2.798093886602506242e-01
1.760000000000000009e+00 2.356703275944212542e-02 2.807857285670197212e-01
1.800000000000000044e+00 3.956020364649072418e-02 2.787693014743453657e-01
1.840000000000000080e+00 6.030103280944306560e-02 2.831980598143288841e-01
1.880000000000000115e+00 8.484736489834933393e-02 2.895090404488054325e-01
1.919999999999999929e+00 1.125621553705387773e-01 2.922199773720679516e-01
1.959999999999999964e+00 1.417052667647162312e-01 2.946490842191498150e-01
2.000000000000000000e+00 1.724946353717953240e-01 2.986215462453168379e-01
2.040000000000000036e+00 2.043770382994567758e-01 3.010171018928534115e-01
2.080000000000000071e+00 2.369166029658733297e-01 3.061873417427886657e-01
2.120000000000000107e+00 2.697780427696391814e-01 3.048587142407935824e-01
2.160000000000000142e+00 3.036218723155235666e-01 3.086298690696886449e-01
2.200000000000000178e+00 3.383240355610063754e-01 3.102369715279099660e-01
2.240000000000000213e+00 3.727311465972522608e-01 3.143100871527128581e-01
2.280000000000000249e+00 4.077719493101547021e-01 3.185811548548334038e-01
2.319999999999999840e+00 4.429233966015210799e-01 3.198292594779196252e-01
2.359999999999999876e+00 4.785710680629676195e-01 3.217718739315941767e-01
2.399999999999999911e+00 5.134978733313924071e-01 3.240298696609948403e-01
2.439999999999999947e+00 5.502620491755197962e-01 3.261167542727144153e-01
2.479999999999999982e+00 5.863657104148781718e-01 3.285760571993870394e-01
2.520000000000000018e+00 6.225163117784334732e-01 3.287773643966589443e-01
2.560000000000000053e+00 6.586568545439462907e-01 3.320989331516465137e-01
2.600000000000000089e+00 6.951393896428930130e-01 3.352728766286347528e-01
2.640000000000000124e+00 7.322187348923416828e-01 3.357191075825876059e-01
2.680000000000000160e+00 7.686241540729652488e-01 3.380509159509879069e-01
2.720000000000000195e+00 8.053413897928958232e-01 3.409967112710679538e-01
2.760000000000000231e+00 8.424944980946538209e-01 3.390708724171661026e-01
2.800000000000000266e+00 8.794531401675965698e-01 3.413724847059756984e-01
2.839999999999999858e+00 9.164754866948061629e-01 3.416979313415653419e-01
2.879999999999999893e+00 9.534508930978194963e-01 3.426776263682890233e-01
2.919999999999999929e+00 9.913215147265854732e-01 3.427447287673794918e-01
2.959999999999999964e+00 1.027914694403996076e+00 3.466534435144105752e-01
3.000000000000000000e+00 1.066197718552490681e+00 3.466333127946833459e-01
3.040000000000000036e+00 1.103216712213686446e+00 3.459119620044587839e-01
3.080000000000000071e+00 1.140359761917402182e+00 3.492033346798556481e-01
3.120000000000000107e+00 1.178143209029802740e+00 3.494180623569456690e-01
3.160000000000000142e+00 1.215956831936330085e+00 3.516592824865737432e-01
3.200000000000000178e+00 1.253693338924533940e+00 3.533536180636128177e-01
3.240000000000000213e+00 1.291607547811482792e+00 3.534072999828854478e-01
3.280000000000000249e+00 1.329810103175639968e+00 3.520317008015268478e-01
3.320000000000000284e+00 1.367462788513492900e+00 3.541789775724279443e-01
3.359999999999999876e+00 1.404864008900291061e+00 3.564101323421923762e-01
3.399999999999999911e+00 1.442265229287088779e+00 3.582151868777311288e-01
3.439999999999999947e+00 1.480306847082571320e+00 3.577622456838691622e-01
3.479999999999999982e+00 1.518475873786588437e+00 3.599900453336789541e-01
3.520000000000000018e+00 1.556852778183477559e+00 3.588962762285011765e-01
3.560000000000000053e+00 1.594629519563850240e+00 3.598424200556794572e-01
3.600000000000000089e+00 1.632516905522686246e+00 3.605738362057676616e-01
3.640000000000000124e+00 1.671058100354263054e+00 3.633988472074844989e-01
3.680000000000000160e+00 1.709039366561493578e+00 3.620500889857621862e-01
3.720000000000000195e+00 1.746809402209837492e+00 3.623990214610336991e-01
3.760000000000000231e+00 1.785236599596937035e+00 3.650327906253420518e-01
3.800000000000000266e+00 1.823610151127811552e+00 3.651166686242053316e-01
3.839999999999999858e+00 1.861765766367772024e+00 3.646536620704797782e-01
3.879999999999999893e+00 1.900514838892220615e+00 3.649153614269333157e-01
3.919999999999999929e+00 1.938221170086298351e+00 3.663815488470642534e-01
3.959999999999999964e+00 1.977171414571590624e+00 3.671733571563340903e-01
4.000000000000000000e+00 2.015263325357284696e+00 3.655092176588857211e-01
