0.000000000000000000e+00 -1.365753911648065347e-03 6.846565167822286219e-03
4.000000000000000083e-02 -1.329072052511217315e-03 1.126042125776154611e-02
8.000000000000000167e-02 -1.239034761902589599e-03 1.438494912719502292e-02
1.199999999999999956e-01 -1.229030618501631301e-03 5.962454388046894808e-03
1.600000000000000033e-01 -1.162336329161907074e-03 9.083633353011532144e-03
2.000000000000000111e-01 -1.175675187029851833e-03 1.436150679591310583e-02
2.399999999999999911e-01 -1.075633753020266035e-03 1.233541959226116744e-02
2.800000000000000266e-01 -9.255716020058866881e-04 9.649598208246536885e-03
3.200000000000000067e-01 -8.922244573360247916e-04 9.549131074181149703e-03
3.599999999999999867e-01 -1.179009901496838077e-03 1.262007647211309085e-02
4.000000000000000222e-01 -8.655467416001350577e-04 1.008160688472769378e-02
4.400000000000000022e-01 -7.855135943924661810e-04 1.359795657701617401e-02
4.799999999999999822e-01 -8.055218811943834272e-04 1.304538733965655839e-02
5.200000000000000178e-01 -8.455384547982180282e-04 1.329990407928886322e-02
5.600000000000000533e-01 -8.522078837321905159e-04 1.380893755855348501e-02
5.999999999999999778e-01 -1.078968467487252062e-03 1.326976393906925504e-02
6.400000000000000133e-01 -7.855135943924662894e-04 1.132070153820077633e-02
6.800000000000000488e-01 -7.054804471847974127e-04 1.023565649029461490e-02
7.199999999999999734e-01 -6.854721603828800580e-04 1.122693221307308545e-02
7.600000000000000089e-01 -6.587944446469907577e-04 1.392280031049425437e-02
8.000000000000000444e-01 -5.020628646986389229e-04 6.049525904236896338e-03
8.399999999999999689e-01 -7.454970207886317968e-04 5.594074896473814548e-03
8.800000000000000044e-01 -5.754265829723354203e-04 1.418066595459541342e-02
9.200000000000000400e-01 -4.320338608919286694e-04 1.531929347400311052e-02
9.599999999999999645e-01 -1.035617179416431543e-03 3.397193564910722975e-03
1.000000000000000000e+00 -4.487074332268596718e-04 1.056050022377269526e-02
1.040000000000000036e+00 -4.687157200287768639e-04 1.098246218684731206e-02
1.080000000000000071e+00 -3.786784294201494183e-04 1.483705123048926176e-02
1.120000000000000107e+00 -7.421623063216457698e-04 4.133952548056882628e-03
1.159999999999999920e+00 -4.920587212976804082e-04 1.161205622699039604e-02
1.199999999999999956e+00 -3.620048570852184701e-04 8.939630460851145932e-03
1.239999999999999991e+00 -2.819717098775494850e-04 8.792278664221914175e-03
1.280000000000000027e+00 -1.719261324670048202e-04 4.964480856330734035e-03
1.320000000000000062e+00 -1.018971286602945666e-04 1.483370232602041101e-02
1.360000000000000098e+00 -2.753022809435771599e-04 1.420075938140848669e-02
1.400000000000000133e+00 -4.520698272152913266e-05 1.138098181864000656e-02
1.439999999999999947e+00 -5.854584058947391156e-05 1.230862835651039787e-02
1.479999999999999982e+00 -1.185707009952255826e-04 1.050021994333346156e-02
1.520000000000000018e+00 2.482202108518116493e-05 1.212443861072385817e-02
1.560000000000000053e+00 2.882644639770911665e-04 9.438617226709225885e-03
1.600000000000000089e+00 1.068587649251862524e-03 3.005371742055720427e-03
1.640000000000000124e+00 2.839321031221535892e-03 9.626155876964611127e-03
1.679999999999999938e+00 5.907258340848841639e-03 1.496096069583657123e-02
1.719999999999999973e+00 1.218652568218385988e-02 9.626155876964612862e-03
1.760000000000000009e+00 2.182718520624097117e-02 5.547190233909969105e-03
1.800000000000000044e+00 3.635987085336685187e-02 1.395294045071387122e-02
1.840000000000000080e+00 5.442068440656411266e-02 4.030136509522650769e-03
1.880000000000000115e+00 7.623305173512087696e-02 1.854428847750198145e-02
1.919999999999999929e+00 9.927926341646252373e-02 1.307887638434501558e-02
1.959999999999999964e+00 1.246531057957605410e-01 8.233011617924603995e-03
2.000000000000000000e+00 1.512274453831735921e-01 2.170565429609277314e-02
2.040000000000000036e+00 1.782986574261675450e-01 2.403314290194086267e-02
2.080000000000000071e+00 2.061401885110354104e-01 2.386234877402971036e-02
2.120000000000000107e+00 2.349354479334612722e-01 3.126677655464860789e-02
2.160000000000000142e+00 2.635806452048727877e-01 3.039271248827975225e-02
2.200000000000000178e+00 2.927393885042001154e-01 3.252261573046592164e-02
2.240000000000000213e+00 3.225484011245898230e-01 2.976311844813666826e-02
2.280000000000000249e+00 3.528209390558905700e-01 3.815547304706518733e-02
2.319999999999999840e+00 3.828367039732332722e-01 5.048613930135681382e-02
2.359999999999999876e+00 4.129858574692557016e-01 4.889206077418602886e-02
2.399999999999999911e+00 4.433717756924340225e-01 6.146719705470341660e-02
2.439999999999999947e+00 4.747147569676372636e-01 5.727101975523916227e-02
2.479999999999999982e+00 5.054007994928443326e-01 6.531173938493882447e-02
2.520000000000000018e+00 5.364603300383538054e-01 6.586430862229847305e-02
2.560000000000000053e+00 5.673664637183818416e-01 5.257585568991681585e-02
2.600000000000000089e+00 5.989095278616044515e-01 4.742189171236255857e-02
2.640000000000000124e+00 6.296322522459483206e-01 5.556977628506530598e-02
2.680000000000000160e+00 6.607918242254673391e-01 5.582094412022876873e-02
2.720000000000000195e+00 6.925316365222419224e-01 5.077079618120874244e-02
2.760000000000000231e+00 7.238746177974454410e-01 6.094476795756340742e-02
2.800000000000000266e+00 7.560612818327960838e-01 5.524158364711839048e-02
2.839999999999999858e+00 7.877210609823631637e-01 6.400901554655767656e-02
2.879999999999999893e+00 8.187939303857407758e-01 5.798768531157224432e-02
2.919999999999999929e+00 8.503903499604348326e-01 6.820519284602193089e-02
2.959999999999999964e+00 8.812764753536613815e-01 7.080729161831540719e-02
3.000000000000000000e+00 9.144868967303766416e-01 7.408921799778467321e-02
3.040000000000000036e+00 9.450395506769043719e-01 6.675846611548037768e-02
3.080000000000000071e+00 9.786468030751912517e-01 7.711997654209046260e-02
3.120000000000000107e+00 1.012117332180331841e+00 7.717690791806085249e-02
3.160000000000000142e+00 1.045094323544358605e+00 7.869061273797932354e-02
3.200000000000000178e+00 1.079938755009897333e+00 8.551568004548781854e-02
3.240000000000000213e+00 1.113015787807933199e+00 7.815478802296392524e-02
3.280000000000000249e+00 1.146156180180842199e+00 8.981232447901746352e-02
3.320000000000000284e+00 1.179776771436997107e+00 9.292345673057557376e-02
3.359999999999999876e+00 1.215208112648725525e+00 9.458451334712326963e-02
3.399999999999999911e+00 1.250072552401066295e+00 9.614845173407443601e-02
3.439999999999999947e+00 1.284210024399603745e+00 9.744112885904905597e-02
3.479999999999999982e+00 1.321895632591014946e+00 1.002776509441617586e-01
3.520000000000000018e+00 1.361281945160589313e+00 9.695218880659751959e-02
3.560000000000000053e+00 1.403946282051210526e+00 9.573318757993751205e-02
3.600000000000000089e+00 1.438577291790862134e+00 1.095340228960526019e-01
3.640000000000000124e+00 1.472994879804627066e+00 1.138842498010837895e-01
3.680000000000000160e+00 1.508926428186403434e+00 1.125949215805780029e-01
3.720000000000000195e+00 1.544661228414627940e+00 1.140617417379326259e-01
3.760000000000000231e+00 1.580706157088281660e+00 1.190884473456707282e-01
3.800000000000000266e+00 1.615280476681994370e+00 1.195773873981222785e-01
3.839999999999999858e+00 1.650304982728750369e+00 1.200462340237607450e-01
3.879999999999999893e+00 1.687860537055949406e+00 1.229162451535619344e-01
3.919999999999999929e+00 1.724218928889499569e+00 1.236864931813965590e-01
3.959999999999999964e+00 1.759943724974322610e+00 1.184220153563703554e-01
4.000000000000000000e+00 1.797265849288832262e+00 1.213355622442665316e-01
