0.000000000000000000e+00 -1.904690349343671077e-03 -4.416243168053403910e-03
4.000000000000000083e-02 -1.612991006120772109e-03 3.604985860356846317e-02
8.000000000000000167e-02 -2.119273774243275038e-03 7.602946798178304710e-02
1.199999999999999956e-01 -1.391701849193055463e-03 1.159688159205432417e-01
1.600000000000000033e-01 -1.659931130317560469e-03 1.552069437888060344e-01
2.000000000000000111e-01 -1.401760447235224707e-03 1.959783614762904413e-01
2.399999999999999911e-01 -1.458759169474181444e-03 2.361559229318224151e-01
2.800000000000000266e-01 -1.448700571432012850e-03 2.758033754345382560e-01
3.200000000000000067e-01 -1.180471290307507411e-03 3.162963181657963418e-01
3.599999999999999867e-01 -1.002769391562523000e-03 3.560108730676028732e-01
4.000000000000000222e-01 -1.227411414504295771e-03 3.962857330018164648e-01
4.400000000000000022e-01 -1.224058548490239429e-03 4.361982399809403166e-01
4.799999999999999822e-01 -1.110061104012324655e-03 4.756544506462477839e-01
5.200000000000000178e-01 -1.123472568068550025e-03 5.157816853024617121e-01
5.600000000000000533e-01 -1.146942630166944421e-03 5.561873949149019891e-01
5.999999999999999778e-01 -8.518904209299890022e-04 5.960495750947079063e-01
6.400000000000000133e-01 -1.157001228209113232e-03 6.361969404706491193e-01
6.800000000000000488e-01 -6.406598620444413838e-04 6.762134561683635914e-01
7.199999999999999734e-01 -6.373069960303852583e-04 7.163574664243501644e-01
7.600000000000000089e-01 -8.753604830283831821e-04 7.564377294012006869e-01
8.000000000000000444e-01 -7.613630385504687337e-04 7.957362494286452925e-01
8.399999999999999689e-01 -8.653018849862140465e-04 8.357024383270419410e-01
8.800000000000000044e-01 -5.736025417633152951e-04 8.761249235392548629e-01
9.200000000000000400e-01 -5.870140058195404478e-04 9.162555133154233200e-01
9.599999999999999645e-01 -5.333681495946395118e-04 9.560472359761840178e-01
1.000000000000000000e+00 -3.489605188215424156e-04 9.962449281514434984e-01
1.040000000000000036e+00 -4.260764371448375314e-04 1.036355387207884782e+00
1.080000000000000071e+00 -2.114930122452337061e-04 1.076502752583825773e+00
1.120000000000000107e+00 -2.517274044139093539e-04 1.115757656051861169e+00
1.159999999999999920e+00 2.243795695820866021e-04 1.155421884154349543e+00
1.199999999999999956e+00 9.697066104794691975e-05 1.195898051285835262e+00
1.239999999999999991e+00 1.841451774134109272e-04 1.236189686819821443e+00
1.280000000000000027e+00 9.697066104794687909e-05 1.275954568520945687e+00
1.320000000000000062e+00 -5.726117559864340675e-05 1.316226073335204916e+00
1.360000000000000098e+00 2.310853016101993139e-04 1.356356663111373484e+00
1.400000000000000133e+00 4.959617167206479497e-04 1.396134965292315622e+00
1.439999999999999947e+00 6.133120272126186320e-04 1.435701894916123322e+00
1.479999999999999982e+00 8.245425860981660336e-04 1.475644597974837602e+00
1.520000000000000018e+00 1.411294138558020529e-03 1.515097453520191095e+00
1.560000000000000053e+00 2.816144998447614543e-03 1.553842378755137421e+00
1.600000000000000089e+00 5.307324446891453079e-03 1.591610964083314483e+00
1.640000000000000124e+00 1.038356359217270514e-02 1.626843078725864533e+00
1.679999999999999938e+00 1.869867130703235791e-02 1.658847567972155046e+00
1.719999999999999973e+00 3.160385259513510264e-02 1.686171664881870980e+00
1.760000000000000009e+00 4.921310490095884282e-02 1.707761861789290903e+00
1.800000000000000044e+00 7.179801037164215693e-02 1.725658071626769541e+00
1.840000000000000080e+00 9.755472709162271716e-02 1.740061601591579077e+00
1.880000000000000115e+00 1.261077340673262825e-01 1.751891754551262448e+00
1.919999999999999929e+00 1.562265294715941000e-01 1.761765872577453207e+00
1.959999999999999964e+00 1.876361782912736309e-01 1.770254326062421502e+00
2.000000000000000000e+00 2.203769149185335063e-01 1.778008008277346619e+00
2.040000000000000036e+00 2.534328209511146346e-01 1.784422997630414010e+00
2.080000000000000071e+00 2.867502505327922391e-01 1.790733978264890558e+00
2.120000000000000107e+00 3.214356494482047411e-01 1.795957900034097721e+00
2.160000000000000142e+00 3.561042840335470472e-01 1.801124784764078557e+00
2.200000000000000178e+00 3.917284854328953458e-01 1.805895765339424752e+00
2.240000000000000213e+00 4.272118664596533111e-01 1.810844567272360761e+00
2.280000000000000249e+00 4.635099939278269354e-01 1.814887486817572837e+00
2.319999999999999840e+00 4.993051914938919644e-01 1.818930406362785135e+00
2.359999999999999876e+00 5.353384425469552843e-01 1.822714981671498480e+00
2.399999999999999911e+00 5.713918107961027948e-01 1.825962737787486301e+00
2.439999999999999947e+00 6.080755178558928664e-01 1.829824480855153812e+00
2.479999999999999982e+00 6.450173955987653640e-01 1.833021910171823698e+00
2.520000000000000018e+00 6.815401650898805785e-01 1.836266311167857213e+00
2.560000000000000053e+00 7.188475052282852218e-01 1.839440254644845174e+00
2.600000000000000089e+00 7.559771434679446456e-01 1.842674590281015101e+00
2.640000000000000124e+00 7.931403103677451272e-01 1.845264742885914355e+00
2.680000000000000160e+00 8.303303001956575669e-01 1.848076333407812744e+00
2.720000000000000195e+00 8.673057065986704561e-01 1.850807401050802881e+00
2.760000000000000231e+00 9.046700454593141760e-01 1.853323741016702941e+00
2.800000000000000266e+00 9.417527435747768960e-01 1.855991061380555918e+00
2.839999999999999858e+00 9.794858976969667008e-01 1.858839558221954347e+00
2.879999999999999893e+00 1.016920646743905365e+00 1.860859340434583231e+00
2.919999999999999929e+00 1.054566626349729752e+00 1.863321998481210828e+00
2.959999999999999964e+00 1.092477482370664221e+00 1.865878599886564793e+00
3.000000000000000000e+00 1.130415161319711315e+00 1.867952064018465919e+00
3.040000000000000036e+00 1.167672208467904982e+00 1.870330844066230291e+00
3.080000000000000071e+00 1.205197484897223559e+00 1.872162739561404887e+00
3.120000000000000107e+00 1.243574389294112015e+00 1.874518033769487113e+00
3.160000000000000142e+00 1.281451716654906203e+00 1.876698861739933610e+00
3.200000000000000178e+00 1.319654272019063601e+00 1.878473720195881436e+00
3.240000000000000213e+00 1.357695889814546364e+00 1.880832369523917746e+00
3.280000000000000249e+00 1.395881680848633621e+00 1.882925964375546934e+00
3.320000000000000284e+00 1.434074177614749201e+00 1.884603524352812975e+00
3.359999999999999876e+00 1.471113288472029268e+00 1.886566269526214423e+00
3.399999999999999911e+00 1.509627660375494340e+00 1.888468622540435238e+00
3.439999999999999947e+00 1.547987800442312212e+00 1.890411236994109734e+00
3.479999999999999982e+00 1.586351293375144467e+00 1.892300169528511766e+00
3.520000000000000018e+00 1.624909252536792081e+00 1.893833459347733505e+00
3.560000000000000053e+00 1.663413565842215558e+00 1.895937119559225170e+00
3.600000000000000089e+00 1.701354597657275924e+00 1.897393241619492965e+00
3.640000000000000124e+00 1.739459919907025753e+00 1.899097642556395682e+00
3.680000000000000160e+00 1.777917293088252748e+00 1.900983219970843185e+00
3.720000000000000195e+00 1.816203670102761514e+00 1.902617163388700350e+00
3.760000000000000231e+00 1.854530281509438883e+00 1.904043089369377162e+00
3.800000000000000266e+00 1.893265942569831273e+00 1.905975638463187627e+00
3.839999999999999858e+00 1.931890959051759893e+00 1.907616292120954737e+00
3.879999999999999893e+00 1.970381860893126280e+00 1.909082479541085675e+00
3.919999999999999929e+00 2.008812411146239540e+00 1.910501695281853429e+00
3.959999999999999964e+00 2.047491073484393187e+00 1.912048405580893062e+00
4.000000000000000000e+00 2.085314754988962793e+00 1.913725965558158881e+00
