0.000000000000000000e+00 -1.252373619770534357e-03 6.176784274053051353e-03
4.000000000000000083e-02 -1.249038905303548547e-03 1.088199505278192661e-02
8.000000000000000167e-02 -1.105646183223141796e-03 1.202397147665847446e-02
1.199999999999999956e-01 -1.262377763171493089e-03 8.882699084880761251e-03
1.600000000000000033e-01 -1.445787058855734549e-03 4.917596193766885990e-03
2.000000000000000111e-01 -9.022286007369834148e-04 9.706529584216921566e-03
2.399999999999999911e-01 -9.922658913456110230e-04 1.052701117908423460e-02
2.800000000000000266e-01 -1.332406766978203342e-03 8.323432038583451070e-03
3.200000000000000067e-01 -1.025613036015472811e-03 1.188666639343577761e-02
3.599999999999999867e-01 -1.172340472562865806e-03 1.023230758582576762e-02
4.000000000000000222e-01 -1.182344615963824321e-03 6.176784274053051353e-03
4.400000000000000022e-01 -7.188193050527423881e-04 1.075138777849692778e-02
4.799999999999999822e-01 -9.989353202795835107e-04 9.619458068026921771e-03
5.200000000000000178e-01 -7.354928773876730653e-04 1.096236876003423531e-02
5.600000000000000533e-01 -9.455798888078039343e-04 1.115325631475847130e-02
5.999999999999999778e-01 -1.018943607081500540e-03 4.736755352449193573e-03
6.400000000000000133e-01 -6.854721603828800580e-04 8.008635018511909079e-03
6.800000000000000488e-01 -8.188607390623282942e-04 5.634261750099969768e-03
7.199999999999999734e-01 -8.655467416001351661e-04 4.669777263072268786e-03
7.600000000000000089e-01 -8.355343113972590798e-04 1.008160688472769378e-02
8.000000000000000444e-01 -7.555011641895904200e-04 6.427952109216514102e-03
8.399999999999999689e-01 -8.255301679963003483e-04 8.142591197265755185e-03
8.800000000000000044e-01 -6.587944446469905409e-04 1.378549522727156099e-02
9.200000000000000400e-01 -8.321995969302732696e-04 7.784258419099217632e-03
9.599999999999999645e-01 -4.086908596230253419e-04 1.021556306348153816e-02
1.000000000000000000e+00 -4.653810055617906200e-04 1.305878295753194057e-02
1.040000000000000036e+00 -4.086908596230252335e-04 1.239904877716924668e-02
1.080000000000000071e+00 -2.719675664765909160e-04 1.393284702390079448e-02
1.120000000000000107e+00 -5.454141527694594425e-04 1.335348655079040582e-02
1.159999999999999920e+00 -4.887240068306940560e-04 1.347069820720001899e-02
1.199999999999999956e+00 -2.219468494717979359e-04 6.571955001376897712e-03
1.239999999999999991e+00 -5.687571540383629326e-04 8.705207148031912645e-03
1.280000000000000027e+00 -3.886825728211079872e-04 3.588081119634955064e-03
1.320000000000000062e+00 -2.186121350048116107e-04 9.585969023338457642e-03
1.360000000000000098e+00 -2.686328520096046722e-04 4.053578840804572189e-03
1.400000000000000133e+00 -3.520007136842597927e-04 1.209764737497309034e-02
1.439999999999999947e+00 -3.986867162220667188e-04 1.046003308970730981e-02
1.479999999999999982e+00 -2.986452822124805416e-04 1.342716244910501996e-02
1.520000000000000018e+00 -5.190409117694651119e-06 8.413852459242296411e-03
1.560000000000000053e+00 -1.119012720612531627e-04 1.021891196795038544e-02
1.600000000000000089e+00 -1.352442733301565986e-04 1.286454649833886250e-02
1.640000000000000124e+00 -3.520283932057054340e-05 8.768836332939991887e-03
1.679999999999999938e+00 -1.852649903349496601e-04 -2.413155688537393494e-03
1.719999999999999973e+00 -9.189298525933597061e-05 -1.395088730008156629e-03
1.760000000000000009e+00 -1.219054154622118265e-04 8.269849567081911934e-03
1.800000000000000044e+00 5.149973682107076677e-05 9.080284448542686598e-03
1.840000000000000080e+00 8.484688149093282583e-05 9.448663940115764256e-03
1.880000000000000115e+00 2.048966023024360460e-04 -1.934262349492390284e-03
1.919999999999999929e+00 7.884716340250217271e-04 1.053036008355307841e-02
1.959999999999999964e+00 1.385385523615551787e-03 1.296501363240424969e-02
2.000000000000000000e+00 2.695928309141130009e-03 1.319608804075463396e-02
2.040000000000000036e+00 4.553364267252444850e-03 1.041649733161231078e-02
2.080000000000000071e+00 8.808459927126841699e-03 1.401991854009079601e-02
2.120000000000000107e+00 1.578468259206198057e-02 1.405005868031041286e-02
2.160000000000000142e+00 2.692596362626288597e-02 2.282083948421854622e-02
2.200000000000000178e+00 4.189216215409695410e-02 3.954861730610519793e-02
2.240000000000000213e+00 6.041316630373832347e-02 5.517125665327260453e-02
2.280000000000000249e+00 8.178201660818591734e-02 8.684519511961973082e-02
2.319999999999999840e+00 1.048815837209993718e-01 1.204514514644911410e-01
2.359999999999999876e+00 1.290082428896445199e-01 1.569511612704456160e-01
2.399999999999999911e+00 1.546822095709713407e-01 1.973489958781370623e-01
2.439999999999999947e+00 1.812798921596532886e-01 2.321876490675437998e-01
2.479999999999999982e+00 2.083777819183831037e-01 2.859208212701807583e-01
2.520000000000000018e+00 2.359625399892929798e-01 3.362079707743749202e-01
2.560000000000000053e+00 2.637207032124861961e-01 3.747337677839813752e-01
2.600000000000000089e+00 2.922358466196851579e-01 4.167022385875616131e-01
2.640000000000000124e+00 3.204375268669874544e-01 4.787440427774059537e-01
2.680000000000000160e+00 3.494562121587015402e-01 5.318576676533062209e-01
2.720000000000000195e+00 3.789084103311236573e-01 5.786117229428677788e-01
2.760000000000000231e+00 4.080504800581161162e-01 6.297628898000242614e-01
2.800000000000000266e+00 4.380095548295201424e-01 6.840486312400209101e-01
2.839999999999999858e+00 4.676251540108245508e-01 7.348983966949810265e-01
2.879999999999999893e+00 4.975442122086246588e-01 7.842277595210851437e-01
2.919999999999999929e+00 5.268063316564286502e-01 8.263670244525768149e-01
2.959999999999999964e+00 5.573823286042253189e-01 8.899124867489329738e-01
3.000000000000000000e+00 5.875915069606530983e-01 9.300457579035855682e-01
3.040000000000000036e+00 6.178507060340859836e-01 9.991403549048197830e-01
3.080000000000000071e+00 6.483099879755378492e-01 1.033680955596499640e+00
3.120000000000000107e+00 6.791227496504903538e-01 1.100421272756134661e+00
3.160000000000000142e+00 7.095820315919427745e-01 1.142423232604403704e+00
3.200000000000000178e+00 7.409550252973485795e-01 1.201253437408624336e+00
3.240000000000000213e+00 7.709074306398188137e-01 1.244055785424947436e+00
3.280000000000000249e+00 8.020903456206068816e-01 1.306837697502406526e+00
3.320000000000000284e+00 8.329798057282999935e-01 1.357988864359563008e+00
3.359999999999999876e+00 8.636825218258418202e-01 1.398909128064394602e+00
3.399999999999999911e+00 8.952322553979982223e-01 1.449832569417669470e+00
3.439999999999999947e+00 9.263651496617815173e-01 1.517497184210706562e+00
3.479999999999999982e+00 9.579982510956125408e-01 1.565865411454251843e+00
3.520000000000000018e+00 9.889243930624428414e-01 1.606209663590441705e+00
3.560000000000000053e+00 1.020527482066071023e+00 1.655693076022112686e+00
3.600000000000000089e+00 1.051233532878079968e+00 1.713930524735347571e+00
3.640000000000000124e+00 1.078784943804319774e+00 1.763708640760277335e+00
3.680000000000000160e+00 1.108784035149327885e+00 1.812763393419936087e+00
3.720000000000000195e+00 1.139906925269710269e+00 1.864313079908885173e+00
3.760000000000000231e+00 1.171073166678163080e+00 1.911475701543646100e+00
3.800000000000000266e+00 1.201095601024440018e+00 1.956742843249039909e+00
3.839999999999999858e+00 1.232812070319945663e+00 2.003563876627977969e+00
3.879999999999999893e+00 1.264111700307078090e+00 2.046814977843126382e+00
3.919999999999999929e+00 1.296031587185070277e+00 2.109442840315018497e+00
3.959999999999999964e+00 1.326234096112564043e+00 2.157127891046919821e+00
4.000000000000000000e+00 1.361048515147899929e+00 2.208955536606782566e+00
