0.000000000000000000e+00 -1.998570597737248013e-03 -4.483345567144062307e-03
4.000000000000000083e-02 -2.099156578158936984e-03 3.618406340174978170e-02
8.000000000000000167e-02 -1.760517110739249656e-03 7.620393421941876189e-02
1.199999999999999956e-01 -1.918101813399896664e-03 1.159117788813161937e-01
1.600000000000000033e-01 -1.599579542064546740e-03 1.554820636250777433e-01
2.000000000000000111e-01 -1.401760447235224707e-03 1.958408015581545314e-01
2.399999999999999911e-01 -1.723635584584630107e-03 2.357197573377331767e-01
2.800000000000000266e-01 -1.743752780668968378e-03 2.758469919939471882e-01
3.200000000000000067e-01 -1.304527332827591429e-03 3.159608061703431114e-01
3.599999999999999867e-01 -1.311233064855704114e-03 3.561249471460569693e-01
4.000000000000000222e-01 -1.405113313249280833e-03 3.964937504389974832e-01
4.400000000000000022e-01 -1.086591041913930692e-03 4.363290896591671131e-01
4.799999999999999822e-01 -1.224058548490239645e-03 4.758557578435197444e-01
5.200000000000000178e-01 -1.200588486391845249e-03 5.158454325815978736e-01
5.600000000000000533e-01 -9.256534732392277757e-04 5.563719265124013047e-01
5.999999999999999778e-01 -7.211286463817930589e-04 5.962777232516162096e-01
6.400000000000000133e-01 -8.552432869440454530e-04 6.360895766321041922e-01
6.800000000000000488e-01 -8.116560287613132189e-04 6.760490552905915607e-01
7.199999999999999734e-01 -8.351260908597075072e-04 7.163809522640319782e-01
7.600000000000000089e-01 -1.019533721632804495e-03 7.565417381197914182e-01
8.000000000000000444e-01 -8.217146268034821377e-04 7.955114563916916293e-01
8.399999999999999689e-01 -5.467796136508647729e-04 8.358064470456323392e-01
8.800000000000000044e-01 -4.897808914119074946e-04 8.762557732174816039e-01
9.200000000000000400e-01 -6.440127280584979430e-04 9.158092823614703004e-01
9.599999999999999645e-01 -4.830751593837949182e-04 9.561545998147291670e-01
1.000000000000000000e+00 -2.416688063717404352e-04 9.964328148688968989e-01
1.040000000000000036e+00 -9.749556776731916295e-05 1.036070202011749375e+00
1.080000000000000071e+00 -1.913758161608958416e-04 1.076227632747554175e+00
1.120000000000000107e+00 -1.008484337813754782e-04 1.115700619012634398e+00
1.159999999999999920e+00 -1.511414239922200854e-04 1.155747330789939520e+00
1.199999999999999956e+00 1.472636512587915676e-04 1.195998704884471131e+00
1.239999999999999991e+00 -9.078983573920655951e-05 1.236260144338866773e+00
1.280000000000000027e+00 3.182598179756633756e-04 1.276669209071261468e+00
1.320000000000000062e+00 1.405579192306788828e-04 1.316128774856523354e+00
1.360000000000000098e+00 2.545553637085934667e-04 1.356866641344462554e+00
1.400000000000000133e+00 7.071922756061952428e-04 1.396430215848315060e+00
1.439999999999999947e+00 8.278954521122225928e-04 1.436124640030394639e+00
1.479999999999999982e+00 4.758445206363100038e-04 1.475664728694564776e+00
1.520000000000000018e+00 8.413069161684476370e-04 1.515473226955098784e+00
1.560000000000000053e+00 1.213475043728698280e-03 1.555271659855768318e+00
1.600000000000000089e+00 2.306509364311055705e-03 1.595200942434664482e+00
1.640000000000000124e+00 3.453189541118313523e-03 1.633556673754885447e+00
1.679999999999999938e+00 6.980404587905551447e-03 1.670462993254747897e+00
1.719999999999999973e+00 1.273727553404023320e-02 1.704420162314576048e+00
1.760000000000000009e+00 2.392578942294614971e-02 1.733314455363013096e+00
1.800000000000000044e+00 3.987872591782608278e-02 1.757414281996423799e+00
1.840000000000000080e+00 6.075702258735471428e-02 1.776994762051077759e+00
1.880000000000000115e+00 8.517929863374090749e-02 1.792297464163703058e+00
1.919999999999999929e+00 1.124012178018640451e-01 1.805117377509972920e+00
1.959999999999999964e+00 1.419634374477985461e-01 1.816212759199614002e+00
2.000000000000000000e+00 1.724175194534720013e-01 1.825331975236034188e+00
2.040000000000000036e+00 2.041926306686837056e-01 1.833964698879047672e+00
2.080000000000000071e+00 2.362426768970480040e-01 1.841057422462930138e+00
2.120000000000000107e+00 2.694964020244584035e-01 1.847992455408949297e+00
2.160000000000000142e+00 3.032262341258649685e-01 1.854404089642062159e+00
2.200000000000000178e+00 3.375327591816890682e-01 1.860168185723949819e+00
2.240000000000000213e+00 3.727479109273225677e-01 1.865579994210611048e+00
2.280000000000000249e+00 4.073696053884678925e-01 1.870787140380046676e+00
2.319999999999999840e+00 4.430474526440412730e-01 1.875279645999166300e+00
2.359999999999999876e+00 4.783531317720541298e-01 1.880278774731420022e+00
2.399999999999999911e+00 5.133637586908300632e-01 1.884174068998633045e+00
2.439999999999999947e+00 5.495110071883712033e-01 1.888529014699616759e+00
2.479999999999999982e+00 5.858929563068961954e-01 1.892125703290875816e+00
2.520000000000000018e+00 6.219127958959033142e-01 1.896289407154451823e+00
2.560000000000000053e+00 6.585830914916371848e-01 1.900010235184028673e+00
2.600000000000000089e+00 6.951762711690475660e-01 1.903298252739470398e+00
2.640000000000000124e+00 7.320712087877232488e-01 1.906707054613275831e+00
2.680000000000000160e+00 7.689829107364691829e-01 1.910028623368263734e+00
2.720000000000000195e+00 8.053682127210084474e-01 1.913175725885615908e+00
2.760000000000000231e+00 8.421592114932484607e-01 1.916383220562149159e+00
2.800000000000000266e+00 8.792519682067529985e-01 1.919157904764547951e+00
2.839999999999999858e+00 9.164151351065533690e-01 1.922073504005036959e+00
2.879999999999999893e+00 9.532832497971166497e-01 1.925254157721933979e+00
2.919999999999999929e+00 9.904564752949591711e-01 1.927485312491698854e+00
2.959999999999999964e+00 1.028182923685120320e+00 1.930424397571870232e+00
3.000000000000000000e+00 1.065654554258213649e+00 1.933121914015314191e+00
3.040000000000000036e+00 1.102472375958566175e+00 1.935413460944260144e+00
3.080000000000000071e+00 1.140279293133064975e+00 1.938033809628750381e+00
3.120000000000000107e+00 1.177764335170214505e+00 1.940456206235922743e+00
3.160000000000000142e+00 1.215437137704151516e+00 1.942989321801595448e+00
3.200000000000000178e+00 1.253032824319765037e+00 1.945213766331450822e+00
3.240000000000000213e+00 1.290990620464896210e+00 1.947777077976713844e+00
3.280000000000000249e+00 1.328935005145971404e+00 1.950420912500886228e+00
3.320000000000000284e+00 1.367308556676845699e+00 1.952306489915333509e+00
3.359999999999999876e+00 1.404223611491606238e+00 1.954265879968781094e+00
3.399999999999999911e+00 1.441883002561486826e+00 1.956252110981864023e+00
3.439999999999999947e+00 1.479756977056266631e+00 1.958453069672037472e+00
3.479999999999999982e+00 1.518257937495675058e+00 1.960633897642483969e+00
3.520000000000000018e+00 1.556306261023185700e+00 1.962623483775522981e+00
3.560000000000000053e+00 1.594750222740355605e+00 1.964542612389514886e+00
3.600000000000000089e+00 1.632342556489955188e+00 1.966156425087645099e+00
3.640000000000000124e+00 1.670719460886843866e+00 1.968209758499820161e+00
3.680000000000000160e+00 1.708295030306373086e+00 1.970216120232630264e+00
3.720000000000000195e+00 1.746655170373191401e+00 1.971997688928487369e+00
3.760000000000000231e+00 1.784827549943222236e+00 1.973846360023435054e+00
3.800000000000000266e+00 1.823636974055923954e+00 1.975812460316791253e+00
3.839999999999999858e+00 1.862094347237149838e+00 1.977580608532830464e+00
3.879999999999999893e+00 1.900021967588154892e+00 1.979278299229823679e+00
3.919999999999999929e+00 1.938177582828115142e+00 1.980724355930227887e+00
3.959999999999999964e+00 1.976722130525707222e+00 1.982764268862583501e+00
4.000000000000000000e+00 2.014555870628318424e+00 1.984294203561850711e+00
