0.000000000000000000e+00 -1.539227953811533227e-03 2.831242471753291357e-01
4.000000000000000083e-02 -1.690106924444067333e-03 2.767193231821257760e-01
8.000000000000000167e-02 -1.629755336191053604e-03 2.623627648966793124e-01
1.199999999999999956e-01 -1.666636862345673153e-03 2.614099108295919183e-01
1.600000000000000033e-01 -1.663283996331616594e-03 2.753504342406764005e-01
2.000000000000000111e-01 -1.612991006120772109e-03 2.674726125874329341e-01
2.399999999999999911e-01 -1.287763002757309500e-03 2.769810225385793689e-01
2.800000000000000266e-01 -1.150295496181000547e-03 2.658051179700300914e-01
3.200000000000000067e-01 -1.177118424293450852e-03 2.621413269796801226e-01
3.599999999999999867e-01 -1.257587208630802636e-03 2.780009790047573426e-01
4.000000000000000222e-01 -1.314585930869760456e-03 2.758872534334016469e-01
4.400000000000000022e-01 -1.086591041913930692e-03 2.660097802872566919e-01
4.799999999999999822e-01 -9.491235353376217387e-04 2.785847698768461056e-01
5.200000000000000178e-01 -9.826521954781849456e-04 2.627351832116324171e-01
5.600000000000000533e-01 -8.585961529581019039e-04 2.643892573492171993e-01
5.999999999999999778e-01 -1.006122257576579342e-03 2.642919588705357481e-01
6.400000000000000133e-01 -1.036298051703085990e-03 2.688683424885186524e-01
6.800000000000000488e-01 -7.814802346348063544e-04 2.775446826909408471e-01
7.199999999999999734e-01 -1.073179577857705539e-03 2.779472970854848790e-01
7.600000000000000089e-01 -7.445987084801870218e-04 2.744210660132707091e-01
8.000000000000000444e-01 -9.155948751970588570e-04 2.791115237097078206e-01
8.399999999999999689e-01 -6.339541300163292412e-04 2.632250307249942023e-01
8.800000000000000044e-01 -5.870140058195405562e-04 2.623828956164064863e-01
9.200000000000000400e-01 -6.540713261006667533e-04 2.779774931650756398e-01
9.599999999999999645e-01 -7.737837168298124420e-05 2.720523513253705339e-01
1.000000000000000000e+00 -4.026063750464434600e-04 2.639363161553552328e-01
1.040000000000000036e+00 -3.120789926669230289e-04 2.788867306727541018e-01
1.080000000000000071e+00 -7.982445647050880663e-04 2.785277328376190575e-01
1.120000000000000107e+00 -2.014344142030647603e-04 2.772293014152147905e-01
1.159999999999999920e+00 -2.517274044139094624e-04 2.809971011241553240e-01
1.199999999999999956e+00 -1.477885579781637972e-04 2.650837671798055295e-01
1.239999999999999991e+00 -3.891949109902180905e-04 2.805340945704297151e-01
1.280000000000000027e+00 -2.819031985404162185e-04 2.641342682326726643e-01
1.320000000000000062e+00 -3.714397951430555575e-05 2.660399763668473971e-01
1.360000000000000098e+00 3.819642722427332303e-04 2.802086479348400161e-01
1.400000000000000133e+00 2.444967656664245479e-04 2.796818941019784122e-01
1.439999999999999947e+00 -1.142598978376006716e-04 2.766220247034443247e-01
1.479999999999999982e+00 7.685346496360902810e-05 2.799234627387047203e-01
1.520000000000000018e+00 1.707337133571857203e-04 2.799469485783864786e-01
1.560000000000000053e+00 2.243795695820867376e-04 2.717269046897807239e-01
1.600000000000000089e+00 4.691387886081974275e-04 2.689253795277457004e-01
1.640000000000000124e+00 -1.032105140185504202e-05 2.770581902975335908e-01
1.679999999999999938e+00 2.545553637085934667e-04 2.702204558301954940e-01
1.719999999999999973e+00 4.993145827347041836e-04 2.781821554823020737e-01
1.760000000000000009e+00 5.563133049736613536e-04 2.651374490990780486e-01
1.800000000000000044e+00 4.188457983973527796e-04 2.800811533765678041e-01
1.840000000000000080e+00 4.557273245519721122e-04 2.731595409103663163e-01
1.880000000000000115e+00 3.853171382567897353e-04 2.738540507409546465e-01
1.919999999999999929e+00 7.977196579857155113e-04 2.804401512117028483e-01
1.959999999999999964e+00 8.480126481965604302e-04 2.762898678279455678e-01
2.000000000000000000e+00 1.106183331278896191e-03 2.649025907022606874e-01
2.040000000000000036e+00 9.988916188290943195e-04 2.773869920530778743e-01
2.080000000000000071e+00 1.196710713658416568e-03 2.685496060928380668e-01
2.120000000000000107e+00 1.438117066670470835e-03 2.707606301428753248e-01
2.160000000000000142e+00 1.448175664712640079e-03 2.754812839189031970e-01
2.200000000000000178e+00 1.562173109190554418e-03 2.641778847920816520e-01
2.240000000000000213e+00 1.930988370736748611e-03 2.664660766010730764e-01
2.280000000000000249e+00 2.125454599552014517e-03 2.794772317847518672e-01
2.319999999999999840e+00 2.557974315365278781e-03 2.810004562441098530e-01
2.359999999999999876e+00 3.342544962654455526e-03 2.748740072071326757e-01
2.399999999999999911e+00 4.824511740867345848e-03 2.758738329535834755e-01
2.439999999999999947e+00 8.861362421791139574e-03 2.738540507409546465e-01
2.479999999999999982e+00 1.743464081973312638e-02 2.843153147591883090e-01
2.520000000000000018e+00 3.108751122897042765e-02 2.871906525602231364e-01
2.560000000000000053e+00 4.994067682600905611e-02 2.922333978518860675e-01
2.600000000000000089e+00 7.329338861391128390e-02 2.937465569513804664e-01
2.640000000000000124e+00 9.859411555598020238e-02 3.036911324966161119e-01
2.680000000000000160e+00 1.261043812013122045e-01 3.062577992618338851e-01
2.720000000000000195e+00 1.542986315135117248e-01 3.110086491174525181e-01
2.760000000000000231e+00 1.844274855158217485e-01 3.119313071049490405e-01
2.800000000000000266e+00 2.150726808842964577e-01 3.196648586001474834e-01
2.839999999999999858e+00 2.460632214522188443e-01 3.201647714733729111e-01
2.879999999999999893e+00 2.781769721348502644e-01 3.204700873892354362e-01
2.919999999999999929e+00 3.109244144941382682e-01 3.229092595961808310e-01
2.959999999999999964e+00 3.430415180427836552e-01 3.252846845239902307e-01
3.000000000000000000e+00 3.761879514577444183e-01 3.230132683147714512e-01
3.040000000000000036e+00 4.090996842517211074e-01 3.265764057064853843e-01
3.080000000000000071e+00 4.421555902843021801e-01 3.280291726467982061e-01
3.120000000000000107e+00 4.758988338497650017e-01 3.284552728810238853e-01
3.160000000000000142e+00 5.095884315590025748e-01 3.334208504137324836e-01
3.200000000000000178e+00 5.434825540950979361e-01 3.362492165354038498e-01
3.240000000000000213e+00 5.772023275984623503e-01 3.372322666820820047e-01
3.280000000000000249e+00 6.117469061412844633e-01 3.382287373085782201e-01
3.320000000000000284e+00 6.461607229095585048e-01 3.365545324512664305e-01
3.359999999999999876e+00 6.797966747625714401e-01 3.401176698429804190e-01
3.399999999999999911e+00 7.142104915308454816e-01 3.399733996849355067e-01
3.439999999999999947e+00 7.485673095768804464e-01 3.379502623523519822e-01
3.479999999999999982e+00 7.833499416067006837e-01 3.398828114461630578e-01
3.520000000000000018e+00 8.179448131397336619e-01 3.435667331562400895e-01
3.560000000000000053e+00 8.525530961368229521e-01 3.440062538702839956e-01
3.600000000000000089e+00 8.876106631797956448e-01 3.427279531676069579e-01
3.640000000000000124e+00 9.223329436213628663e-01 3.455361885695510948e-01
3.680000000000000160e+00 9.565623527588634767e-01 3.479049032574513811e-01
3.720000000000000195e+00 9.919686178672981747e-01 3.506460362603047165e-01
3.760000000000000231e+00 1.026831718681455952e+00 3.497066026730354382e-01
3.800000000000000266e+00 1.062177632201637412e+00 3.517834219248914818e-01
3.839999999999999858e+00 1.097137966130202313e+00 3.524678663956161140e-01
3.879999999999999893e+00 1.132229061833315953e+00 3.571415484922805805e-01
3.919999999999999929e+00 1.167420743516850656e+00 3.570610256133717186e-01
3.959999999999999964e+00 1.202582249406259240e+00 3.562658621841474638e-01
4.000000000000000000e+00 1.237659933645316679e+00 3.563262543433290408e-01
