0.000000000000000000e+00 -2.112568042215162787e-03 -3.169554782649128960e-02
4.000000000000000083e-02 -1.914748947385839888e-03 8.370042557802380087e-03
8.000000000000000167e-02 -1.673342594373785621e-03 4.968998844215680860e-02
1.199999999999999956e-01 -1.656578264303504126e-03 8.887015141464288392e-02
1.600000000000000033e-01 -1.599579542064546740e-03 1.286037065195086704e-01
2.000000000000000111e-01 -1.710224120528404954e-03 1.704401517274175548e-01
2.399999999999999911e-01 -1.666636862345673153e-03 2.083659591998428540e-01
2.800000000000000266e-01 -1.384996117164942996e-03 2.510878318195593484e-01
3.200000000000000067e-01 -1.502346427656913895e-03 2.882757831154783013e-01
3.599999999999999867e-01 -1.381643251150886436e-03 3.287103015880251111e-01
4.000000000000000222e-01 -1.274351538701084348e-03 3.684069638840656857e-01
4.400000000000000022e-01 -1.559345149895870848e-03 4.049308446211288826e-01
4.799999999999999822e-01 -9.088891431689459554e-04 4.482061093732251922e-01
5.200000000000000178e-01 -1.086591041913930692e-03 4.874969507721871875e-01
5.600000000000000533e-01 -1.183824156321563754e-03 5.252382942004858446e-01
5.999999999999999778e-01 -1.120119702054493682e-03 5.688824870408353274e-01
6.400000000000000133e-01 -7.580101725364122829e-04 6.079150787780200904e-01
6.800000000000000488e-01 -6.104840679179348445e-04 6.482389188240910149e-01
7.199999999999999734e-01 -9.725935974360161353e-04 6.898540071790478789e-01
7.600000000000000089e-01 -6.674827901568920144e-04 7.302147400339441541e-01
8.000000000000000444e-01 -8.720076170143271650e-04 7.676978338004655233e-01
8.399999999999999689e-01 -8.887719470846085516e-04 8.072100320523798445e-01
8.800000000000000044e-01 -4.730165613416258911e-04 8.494154053485416522e-01
9.200000000000000400e-01 -4.361350351870066128e-04 8.886693539386781859e-01
9.599999999999999645e-01 -4.696636953275697113e-04 9.291038724112251623e-01
1.000000000000000000e+00 -2.718446004982473540e-04 9.672510367366020656e-01
1.040000000000000036e+00 -1.477885579781637972e-04 1.009640874076890737e+00
1.080000000000000071e+00 -6.731977364081233903e-05 1.050776355917118821e+00
1.120000000000000107e+00 3.326620678087697695e-05 1.088665270580718936e+00
1.159999999999999920e+00 3.090412654370179698e-06 1.127513398273777057e+00
1.199999999999999956e+00 -1.367391741591138779e-05 1.170013914040541669e+00
1.239999999999999991e+00 1.170878571322847572e-04 1.206353330733478391e+00
1.280000000000000027e+00 2.679668277648187278e-04 1.247304348529579610e+00
1.320000000000000062e+00 4.724916546222537699e-04 1.284861227913751458e+00
1.360000000000000098e+00 2.545553637085934667e-04 1.328468527945275479e+00
1.400000000000000133e+00 1.807923113993546119e-04 1.365693372050020393e+00
1.439999999999999947e+00 3.383770140600013215e-04 1.408120102199133861e+00
1.479999999999999982e+00 5.563133049736614620e-04 1.448665299098157000e+00
1.520000000000000018e+00 6.468406873531819474e-04 1.489062924761878071e+00
1.560000000000000053e+00 7.038394095921390089e-04 1.527763481219635455e+00
1.600000000000000089e+00 7.071922756061953513e-04 1.567718393177453207e+00
1.640000000000000124e+00 1.045831743025882679e-03 1.606972341767589851e+00
1.679999999999999938e+00 1.290590962051993505e-03 1.648439858887245313e+00
1.719999999999999973e+00 9.821272887588128244e-04 1.688800591742141588e+00
1.760000000000000009e+00 1.049184609039939022e-03 1.729308895832339044e+00
1.800000000000000044e+00 1.045831743025882462e-03 1.767308488922415100e+00
1.840000000000000080e+00 1.055890341068051489e-03 1.807115829644931670e+00
1.880000000000000115e+00 1.495115788909428221e-03 1.852088163602992221e+00
1.919999999999999929e+00 1.468292860796977699e-03 1.888722722766531303e+00
1.959999999999999964e+00 1.223533641770866874e-03 1.929784418989108241e+00
2.000000000000000000e+00 1.407941272543964404e-03 1.969702438138100753e+00
2.040000000000000036e+00 1.448175664712639645e-03 2.008735029875285960e+00
2.080000000000000071e+00 1.478351458839146726e-03 2.048985084303706294e+00
2.120000000000000107e+00 1.625877563457624273e-03 2.089567174011554229e+00
2.160000000000000142e+00 1.572231707232723229e-03 2.130850227087083049e+00
2.200000000000000178e+00 1.810285194230721803e-03 2.170177961294870617e+00
2.240000000000000213e+00 1.528644449049991428e-03 2.209210553032054936e+00
2.280000000000000249e+00 1.756639338005820325e-03 2.248243144769240587e+00
2.319999999999999840e+00 1.753286471991764416e-03 2.289083484138865199e+00
2.359999999999999876e+00 1.733169275907426362e-03 2.330366537214394462e+00
2.399999999999999911e+00 1.820343792272890397e-03 2.368845736819199743e+00
2.439999999999999947e+00 2.125454599552014517e-03 2.410460825174156607e+00
2.479999999999999982e+00 1.937694102764861512e-03 2.449087596014263291e+00
2.520000000000000018e+00 2.457388334943589377e-03 2.488415330222050414e+00
2.560000000000000053e+00 2.527798521238772567e-03 2.529218776782850675e+00
2.600000000000000089e+00 2.343390890465675037e-03 2.569911544917174329e+00
2.640000000000000124e+00 2.571385779421504151e-03 2.610198492154419903e+00
2.680000000000000160e+00 2.960318237052035964e-03 2.647755371538592417e+00
2.720000000000000195e+00 3.490071067272933290e-03 2.686160785525746331e+00
2.760000000000000231e+00 4.777571616670557055e-03 2.726816660851244301e+00
2.800000000000000266e+00 7.567156140365406160e-03 2.764299754617767224e+00
2.839999999999999858e+00 1.276745132816674462e-02 2.798905209295913465e+00
2.879999999999999893e+00 2.334574360251440509e-02 2.826353459061949458e+00
2.919999999999999929e+00 3.989884311391041910e-02 2.851883282769068551e+00
2.959999999999999964e+00 6.183664544388083745e-02 2.872543255711245358e+00
3.000000000000000000e+00 8.843157866737552664e-02 2.887300379241372728e+00
3.040000000000000036e+00 1.162100735938320500e-01 2.897372116050683122e+00
3.080000000000000071e+00 1.468217403021661316e-01 2.908476851507103778e+00
3.120000000000000107e+00 1.782380948538737631e-01 2.915228235522135947e+00
3.160000000000000142e+00 2.109922429451898951e-01 2.920725264037108193e+00
3.200000000000000178e+00 2.448662482852007882e-01 2.931239714552324127e+00
3.240000000000000213e+00 2.783446154355530555e-01 2.937031885537897846e+00
3.280000000000000249e+00 3.130098971548812004e-01 2.941126987317509212e+00
3.320000000000000284e+00 3.475645342957455752e-01 2.945037625052990826e+00
3.359999999999999876e+00 3.818744122175837252e-01 2.953190935803387429e+00
3.399999999999999911e+00 4.180686008393218467e-01 2.956843323877093255e+00
3.439999999999999947e+00 4.533340455751660447e-01 2.963004422950921146e+00
3.479999999999999982e+00 4.894712354746647565e-01 2.967320881583483505e+00
3.520000000000000018e+00 5.252932559688425762e-01 2.970788805613063133e+00
3.560000000000000053e+00 5.616047949010725127e-01 2.972633446054329553e+00
3.600000000000000089e+00 5.977419848005711689e-01 2.980491614334121131e+00
3.640000000000000124e+00 6.344592205205020763e-01 2.980786756804723492e+00
3.680000000000000160e+00 6.702577709525813221e-01 2.982668290054814264e+00
3.720000000000000195e+00 7.065357812246704228e-01 2.990674029569909020e+00
3.760000000000000231e+00 7.437458882486676082e-01 2.990526458334607618e+00
3.800000000000000266e+00 7.803290093280357276e-01 2.993773025511234920e+00
3.839999999999999858e+00 8.174418832376250110e-01 2.997056485496687461e+00
3.879999999999999893e+00 8.539780641927966487e-01 2.998347733805573512e+00
3.919999999999999929e+00 8.911982298148358739e-01 3.003623405467594321e+00
3.959999999999999964e+00 9.280562859073567816e-01 3.007165115114825760e+00
4.000000000000000000e+00 9.645656439344159061e-01 3.011075752850308707e+00
